 16  16 -0.0005 -0.4946 48.7565
 48  16 -0.0144 -0.5023 55.3253
 80  16 -0.0117 -0.3961 51.3982
112  16  0.0098 -0.3594 51.2475
144  16  0.3173 -0.3845 31.4953
176  16  0.0432 -0.3494 36.1333
208  16 -0.0846  0.1014 42.5054
240  16  0.2636  0.0688 31.0569
272  16 -0.0621  0.0000 26.4008
304  16  0.0049  0.0000 24.5744
336  16 -0.1190  2.8432 23.8694
368  16 -0.1660  2.9604 36.6594
400  16 -0.0650  2.7177 25.2693
432  16  1.3486  3.0546 23.2976
464  16  0.0231  2.6321 26.8892
496  16 -0.1570  0.0000 26.1513
528  16 -0.1682  0.0000 30.1819
560  16 -0.0806  0.0000 24.8420
592  16 -0.1739  0.0000 27.1495
624  16 -0.2726  0.0000 25.7550
656  16 -0.2950  0.0000 31.5303
688  16 -0.0988  2.7214 29.9800
720  16  0.1156  2.0971 29.0729
752  16 -0.2148 -0.3756 20.9589
784  16 -0.2390 -0.2960 43.5952
816  16 -0.1782 -0.2877 34.6852
848  16 -0.0838 -0.3996 52.6787
880  16  0.0338 -0.2516 53.1619
912  16  0.1699 -0.1108 61.5091
944  16  0.0009 -0.0024 63.0940
976  16 -0.0015 -0.0001 58.9436
 16  48 -0.0298 -0.0038  9.3231
 48  48  0.2899 -0.1097  9.6440
 80  48  0.0742 -0.0991 11.1473
112  48  0.0649  0.0133 21.0149
144  48  0.0119  0.0695 35.1298
176  48  0.1845  0.2896 22.9252
208  48  0.0793  0.8509 37.7699
240  48  0.0082  1.4075 61.6481
272  48  0.0375  2.8137 32.8469
304  48 -0.4178  2.8955 41.4660
336  48  0.0569  2.9805 50.8663
368  48 -0.0871  2.7271 45.4495
400  48 -0.0924  2.9212 59.3220
432  48 -0.1664  2.7423 44.7960
464  48  0.1599  2.8968 44.7449
496  48  0.0699  2.9236 35.6584
528  48  0.2290  2.9281 35.0037
560  48 -0.0090  2.9270 57.9172
592  48  0.0508  3.0557 54.1945
624  48 -0.0951  3.0748 54.0092
656  48 -0.1023  3.0059 65.2449
688  48 -0.0993  2.7867 51.2418
720  48  0.1680  1.8920 53.7479
752  48  0.2151  1.0786 28.4392
784  48 -0.0857  0.6418 43.9182
816  48 -0.1544  0.0000 38.4832
848  48 -0.1365  0.0000 61.5389
880  48 -0.0974  0.1277 31.3677
912  48  0.0528  0.0484 13.3005
944  48 -0.1272  0.0258 10.5520
976  48  0.0121  0.0323 15.9243
 16  80  0.1657  0.0199  9.6811
 48  80 -0.6846  0.0086  9.0957
 80  80  0.0576  0.1613 24.3577
112  80  0.0508  0.1492 51.8510
144  80  0.3682  0.2876 54.8319
176  80  0.3991  0.2203 26.0679
208  80  0.1606  0.9790 21.6533
240  80 -0.0746  1.4755 42.5383
272  80 -0.1906  2.1295 16.9376
304  80 -0.0655  2.8534 42.0759
336  80 -0.0536  2.7545 36.6634
368  80 -0.1234  2.9983 50.8194
400  80 -0.1200  2.7852 47.8858
432  80  0.0110  2.4432 35.2172
464  80 -0.0792  2.8674 44.7136
496  80  0.2180  2.9783 42.6068
528  80  0.1494  2.8730 44.1794
560  80  0.1051  2.9615 46.9924
592  80  0.0625  3.0632 38.4678
624  80 -0.0674  2.9728 46.3843
656  80 -0.0610  3.1386 50.6192
688  80 -0.0032  2.8526 43.4880
720  80  0.1749  2.2988 26.3675
752  80 -0.0077  1.1277 22.0790
784  80 -0.2505  0.1975 22.3914
816  80 -0.3212  0.0756 36.1712
848  80 -0.1546  0.0000 105.1620
880  80 -0.0840  0.0100 14.3311
912  80 -0.0750  0.0264 206.8130
944  80  0.0425  0.0502 27.9164
976  80 -0.0042  0.0548 16.3387
 16 112  0.1898  0.0562  9.6902
 48 112  0.1885  0.0307  8.2935
 80 112  0.1700  0.0269 24.2408
112 112 -0.1035  0.2575 50.9915
144 112  0.0973  0.2255 36.8122
176 112 -0.0210  0.7529 35.7357
208 112  0.0560  1.2253 39.1839
240 112  0.0817  1.8124 53.2466
272 112  0.0092  1.9007 21.9553
304 112  0.0226  2.9173 32.7975
336 112 -0.1311  3.0261 49.6801
368 112  0.0424  2.9906 55.1718
400 112 -0.2772  2.6284 42.5981
432 112 -0.1386  2.8786 42.9769
464 112 -0.0241  2.7313 54.2639
496 112 -0.0168  2.8468 45.5278
528 112  0.1268  2.9713 42.2110
560 112  0.1037  2.9241 40.2024
592 112 -0.0402  2.8316 44.4239
624 112  0.0076  2.9431 44.6804
656 112  0.0435  3.1537 43.9718
688 112 -0.0514  2.8972 42.2891
720 112  0.0283  1.9831 27.6482
752 112 -0.0657  0.8266 47.0805
784 112 -0.4651  0.0336 27.9048
816 112 -0.4086  0.0312 43.8674
848 112 -0.1153  0.0000 24.2972
880 112  0.0499  0.0000  8.4914
912 112  0.0080  0.0000  9.6420
944 112 -0.0427  0.0099 55.1936
976 112 -0.0382  0.0186 47.6025
 16 144  0.0338  0.0438 10.4705
 48 144  0.0928  0.0750 11.5537
 80 144  0.1540  0.0167 37.6937
112 144  0.0694  0.0654 26.5205
144 144 -0.5572  0.1397 43.2640
176 144 -0.2311  0.6370 41.6919
208 144 -0.5141  1.7801 43.3666
240 144  0.2714  1.7095 39.4933
272 144  0.0636  2.0664 42.3586
304 144 -0.0829  3.0153 43.9526
336 144 -0.2106  3.0293 46.3199
368 144 -0.0945  2.7756 38.5618
400 144 -0.1157  2.8269 37.1800
432 144 -0.1611  2.8112 41.6093
464 144  0.1728  2.9067 36.9968
496 144  0.0417  2.8139 46.0195
528 144 -0.0000  2.8890 51.5367
560 144 -0.1238  2.9310 33.5101
592 144 -0.0668  2.8902 47.3579
624 144 -0.0251  2.7998 44.9758
656 144 -0.1881  3.0872 49.0621
688 144 -0.1385  2.7599 39.5576
720 144 -0.3251  2.0795 21.8918
752 144 -0.2817  0.7153 41.5898
784 144 -0.1942  0.3814 46.5191
816 144 -0.2228  0.0234 57.0421
848 144 -0.5967 -0.1052 12.1270
880 144  0.0979 -0.1408  9.2039
912 144  0.2365 -0.1269  8.6198
944 144  0.0592 -0.1029  9.4234
976 144 -0.0146 -0.0760 19.7396
 16 176  0.0841 -0.0480  9.3715
 48 176 -0.1267  0.0181 62.0080
 80 176  0.0499  0.1318 35.0774
112 176 -0.1056 -0.0769 42.6467
144 176 -0.3949  0.2796 31.2399
176 176  0.0089  0.8724 43.0165
208 176 -0.0513  1.1133 34.5302
240 176  0.0460  1.6845 54.1621
272 176 -0.1359  2.5203 21.3241
304 176 -0.0555  2.9671 38.6323
336 176 -0.2085  2.9744 46.2983
368 176 -0.1179  2.9176 41.8201
400 176 -0.3623  2.7059 40.1213
432 176 -0.1416  2.8046 29.4720
464 176 -0.2586  2.8834 30.4025
496 176 -0.0429  2.9283 44.3998
528 176 -0.1219  2.8065 43.4695
560 176 -0.1643  2.9168 61.2242
592 176 -0.0314  2.8397 30.2419
624 176 -0.0745  2.9568 48.3653
656 176 -0.1477  2.9906 48.9713
688 176  0.0018  2.7577 27.4131
720 176  0.0602  1.9395 37.0892
752 176  0.1829  1.3240 42.4304
784 176 -0.0156  0.3694 40.6363
816 176  0.1832  0.6458 35.8856
848 176  0.0929  0.3088 31.5388
880 176  0.0577 -0.1224 28.2102
912 176 -0.2770 -0.2432  8.6541
944 176 -0.0987 -0.2444  9.5972
976 176  0.0050 -0.1973 13.1320
 16 208  0.1083 -0.1403  9.9140
 48 208 -0.0605 -0.0942 13.8911
 80 208  0.0356  0.0225 16.3601
112 208 -0.0919  0.3179 26.9425
144 208 -0.2692  0.3253 20.1281
176 208 -0.3455  1.0556 52.7583
208 208 -0.4930  0.8142 21.5557
240 208 -0.1431  1.9689 47.2924
272 208 -0.1079  2.2358 36.1010
304 208 -0.4002  2.6688 44.6196
336 208 -0.1430  2.8723 55.3547
368 208  0.0010  2.6937 51.4875
400 208 -0.0581  2.6656 34.3408
432 208 -0.1522  2.7336 33.7079
464 208 -0.0830  2.8087 42.6540
496 208  0.0086  3.0109 47.8669
528 208 -0.1321  2.9124 59.4955
560 208 -0.2388  2.8526 40.8822
592 208 -0.1915  2.8510 51.7269
624 208 -0.2316  3.0303 49.1797
656 208 -0.2129  2.7960 40.8238
688 208 -0.1973  2.3763 35.9536
720 208 -0.1730  1.7601 39.7423
752 208  0.0256  1.4989 49.5035
784 208 -0.0278  0.8830 55.2241
816 208  0.4923  0.7810 50.0407
848 208  0.6653  0.7641 55.6885
880 208  0.3042  0.0936 30.1497
912 208  0.8955 -0.2154  8.1617
944 208  0.0367 -0.3112 11.8269
976 208 -0.0191 -0.3039 35.1298
 16 240 -0.0002 -0.2156 10.3581
 48 240  0.4340 -0.1023  8.0925
 80 240  0.0119 -0.0580 21.4509
112 240 -0.0168  0.0440 26.8768
144 240 -0.0904  0.4484 26.7699
176 240 -0.2100  0.8015 32.0707
208 240 -0.4288  1.2945 29.9655
240 240 -0.2902  1.8214 42.0045
272 240  0.0644  2.1066 38.3556
304 240 -0.1306  2.4953 34.8079
336 240 -0.3175  2.5554 32.7353
368 240 -0.1265  2.6545 47.3643
400 240 -0.1114  2.7798 59.8848
432 240  0.1261  2.7628 34.1775
464 240  0.1091  2.6592 32.8558
496 240 -0.0476  2.9542 43.1678
528 240 -0.0276  2.7447 35.6454
560 240 -0.0113  2.8076 58.5057
592 240 -0.0734  2.8374 46.5458
624 240 -0.0722  2.9200 38.6503
656 240  0.1185  2.8227 48.4447
688 240 -0.0428  2.7472 58.4988
720 240  0.0624  1.8485 48.9789
752 240 -0.0246  0.9195 34.9686
784 240  0.2110  0.8117 47.6425
816 240  0.1011  0.2458 36.9260
848 240  0.0292  0.7396 25.0920
880 240  0.0889  0.0554 108.5827
912 240 -0.0031 -0.1828  9.0725
944 240 -0.0993 -0.2768 17.3106
976 240  0.0054 -0.2954 13.6840
 16 272 -0.0373 -0.2789 11.6299
 48 272 -0.1320 -0.1231  8.7330
 80 272 -0.0300  0.1075 25.9236
112 272 -0.0189  0.1872 29.7453
144 272  0.1259  0.6590 43.3312
176 272 -0.0613  0.7058 25.3838
208 272 -0.2079  1.4323 35.9005
240 272 -0.5455  1.8061 34.4453
272 272 -0.8755  1.9339 37.1427
304 272 -0.2759  2.2211 44.2590
336 272 -0.1693  2.5735 27.7354
368 272 -0.3861  2.2828 39.1220
400 272 -0.1722  2.7946 41.1023
432 272 -0.0645  2.5453 29.5464
464 272 -0.1472  2.6948 42.3350
496 272 -0.1789  2.8000 41.3355
528 272 -0.0124  2.6639 38.7191
560 272 -0.0186  2.9086 38.8640
592 272  0.1747  2.9467 55.6563
624 272  0.1424  2.5839 33.8737
656 272  0.0127  2.6135 39.1810
688 272  0.2752  2.6379 24.4513
720 272  0.1480  1.7907 30.3268
752 272  0.0669  1.3383 36.5411
784 272 -0.0447  0.9068 36.6404
816 272  0.0966  0.4092 27.1341
848 272 -0.0909  0.2946 63.1572
880 272  0.4683  0.4033  8.3918
912 272  0.2360  0.0634  8.0997
944 272  0.0419 -0.1200 19.5151
976 272 -0.0119 -0.1557 13.8842
 16 304  0.4018 -0.1305  9.1463
 48 304  0.0666 -0.1608 10.4119
 80 304 -0.3244  0.0829 31.6310
112 304  0.1898  0.3859 27.2149
144 304 -0.1278  1.0374 40.3113
176 304 -0.1797  1.1424 24.9610
208 304 -0.8778  1.9669 40.3094
240 304 -0.9135  1.6191 25.6229
272 304 -0.4660  1.9523 19.2547
304 304 -0.4632  1.8718 37.9386
336 304 -0.3589  2.0151 39.6626
368 304 -0.1500  2.4313 44.1443
400 304 -0.0841  2.8246 52.1027
432 304  0.0359  2.2274 37.3246
464 304 -0.0497  2.1288 47.6347
496 304  0.0997  2.3738 42.0110
528 304 -0.0315  2.5558 44.0812
560 304 -0.0469  2.9601 41.1011
592 304 -0.0224  2.9293 30.9251
624 304  0.0573  2.7521 46.4580
656 304 -0.0553  2.5222 47.4461
688 304  0.1137  2.2832 48.4509
720 304  0.1063  2.1835 36.8239
752 304 -0.0185  1.7086 25.2129
784 304  0.6976  0.8492 39.7162
816 304  0.1234  0.2859 37.1851
848 304  0.0662  0.2274 57.5685
880 304 -0.0550  0.1890 14.0228
912 304 -0.1690  0.2283 10.5159
944 304  0.0121  0.1436 62.4489
976 304 -0.0120  0.0091 17.4107
 16 336  0.1002  0.0234 10.3171
 48 336 -0.1767  0.1484 65.7185
 80 336 -0.2060  0.0749 24.0136
112 336 -0.3295  0.6975 44.6348
144 336 -0.4231  1.0126 36.1372
176 336 -0.8549  1.7853 38.3359
208 336 -0.3605  1.8638 41.0951
240 336 -0.6151  2.0057 29.3411
272 336 -0.7683  2.0764 45.5197
304 336 -0.7842  2.2462 44.3328
336 336 -0.4954  2.4532 51.6950
368 336 -0.3414  2.7110 39.3215
400 336 -0.0755  2.7437 42.2492
432 336 -0.0052  2.3375 37.5240
464 336  0.1479  2.2811 36.2919
496 336 -0.1656  2.2931 35.1785
528 336  0.0126  2.5559 43.1509
560 336  0.0682  2.8582 53.2533
592 336  0.0270  2.9607 39.9335
624 336 -0.0367  2.6648 39.5787
656 336  0.0113  2.6087 43.8254
688 336  0.1868  2.1246 43.8678
720 336  0.0717  2.0741 51.7602
752 336  0.6745  1.5922 36.5347
784 336  0.1219  0.9076 31.2785
816 336 -0.0284  0.3605 33.2192
848 336  0.0870  0.2811 28.0620
880 336  0.0043  0.0642 57.1862
912 336 -0.1030  0.2581  8.5694
944 336 -0.0653  0.2045 11.2201
976 336 -0.0020  0.0986 14.4188
 16 368  0.0860  0.0138  9.2467
 48 368 -0.9099  0.0373  8.9503
 80 368 -0.1287  0.1654 87.6524
112 368  0.0685  0.4224 19.0297
144 368  0.0582  1.0871 48.2977
176 368 -0.4256  1.1723 39.6425
208 368 -0.3038  2.1811 43.8289
240 368 -0.8944  2.2728 33.2183
272 368 -0.7787  2.5325 36.1459
304 368 -0.3640  2.1765 33.5670
336 368 -0.2879  2.5276 52.0752
368 368 -0.0988  2.7446 44.2978
400 368 -0.0101  2.8982 39.2593
432 368  0.0073  2.5270 47.9794
464 368 -0.1274  2.3087 39.8605
496 368  0.0960  2.3493 38.6261
528 368 -0.0093  2.2727 30.5449
560 368  0.1379  3.0112 36.5109
592 368  0.0790  2.7762 40.8064
624 368 -0.0622  2.7406 37.8353
656 368 -0.0751  2.3882 42.0352
688 368 -0.0965  2.2452 46.6085
720 368  0.0232  1.9829 28.1558
752 368 -0.0671  1.1518 22.0446
784 368 -0.0653  0.6676 58.7294
816 368 -0.0355  0.4057 33.6514
848 368 -0.0804  0.4713 88.7985
880 368 -0.7383  2.9053  9.2011
912 368 -0.0184  2.4920 20.6412
944 368  0.0372  1.4497 23.2413
976 368  0.0201  0.5515 16.3527
 16 400  0.0013  0.1523 11.5851
 48 400 -0.2212  0.0227  8.7155
 80 400 -0.2255  0.0460  8.8896
112 400  0.1411  0.1480 13.7284
144 400 -0.0043  0.2522 21.0414
176 400 -0.0319  1.5256 33.5741
208 400 -0.4051  2.0545 26.7219
240 400 -0.6723  2.2254 39.9300
272 400 -0.3318  2.6880 35.2103
304 400 -0.5151  2.1252 19.2529
336 400 -0.3525  2.4498 30.3758
368 400 -0.2479  2.7418 41.4760
400 400 -0.1829  2.8288 55.3208
432 400 -0.1692  2.7545 57.5847
464 400 -0.1944  2.6200 48.6284
496 400 -0.0241  2.2629 44.0649
528 400 -0.2045  2.5477 36.9641
560 400 -0.1497  2.6800 56.5184
592 400  0.0830  2.8188 43.9459
624 400  0.0280  2.7141 47.6238
656 400 -0.0154  2.3424 53.0880
688 400  0.1330  2.2216 48.9049
720 400  0.0458  1.7996 36.4452
752 400 -0.0433  1.1300 40.4913
784 400 -0.1992  0.7242 48.5950
816 400  0.0180  0.3303 47.5188
848 400  0.0893  0.7489 13.6572
880 400  0.1296  3.1399 10.1552
912 400 -0.7291  7.0571 38.8111
944 400 -0.0511  4.9762  9.6745
976 400  0.0161  2.4255 13.3346
 16 432  0.0521  0.6507  9.3905
 48 432 -0.7367  0.1599  9.3334
 80 432  0.0787  0.0849 33.4416
112 432 -0.0941  0.2212 26.4368
144 432 -0.0207  0.7790 42.9350
176 432 -0.1428  1.4778 36.3610
208 432 -0.2492  2.0156 30.4572
240 432 -0.2786  2.1801 40.5060
272 432 -0.1611  2.3664 28.8924
304 432 -0.2801  2.7798 39.0726
336 432 -0.3351  2.7462 17.0049
368 432 -0.2961  2.9778 51.5101
400 432 -0.1523  2.7601 32.4982
432 432 -0.1406  2.8496 53.2808
464 432  0.0490  2.7258 38.6490
496 432 -0.1492  2.6097 50.6694
528 432 -0.0962  2.5114 31.2315
560 432 -0.1870  2.7553 41.1968
592 432 -0.1219  2.8371 49.3473
624 432  0.0099  2.4578 48.0472
656 432 -0.0253  2.3446 47.8933
688 432  0.1071  2.3274 21.9246
720 432  0.0279  1.8304 23.7437
752 432 -0.1753  0.9015 50.4700
784 432 -0.4168  0.6863 35.2053
816 432 -0.1489  0.1625 35.3850
848 432 -0.1747  0.1728 32.9763
880 432 -0.1513  0.0397 62.0340
912 432  0.2452  2.5656 10.5992
944 432  0.0437  5.0845 10.5909
976 432 -0.0066  4.0288 14.0844
 16 464 -0.0170  1.7848  9.8806
 48 464  0.0577  0.0000  9.3571
 80 464 -0.0184  0.0693 18.7057
112 464 -0.0176  0.1792 26.6257
144 464 -0.0548  0.0000 23.7489
176 464  0.1062  0.9667 33.7137
208 464  0.3569  1.8850 36.6029
240 464  0.3101  1.8497 30.0274
272 464  0.0027  2.4590 35.2775
304 464 -0.2177  2.6931 41.2146
336 464 -0.5459  2.8123 39.2949
368 464 -0.2972  2.7516 35.6301
400 464 -0.4607  2.6351 45.6983
432 464 -0.0172  2.8900 66.1637
464 464  0.0377  2.8526 58.5209
496 464 -0.1101  2.7611 45.1109
528 464 -0.0687  2.7099 37.7301
560 464 -0.2468  2.8183 42.6721
592 464 -0.2972  2.6525 57.3100
624 464 -0.1208  2.6439 46.8849
656 464 -0.0422  2.6708 42.2955
688 464 -0.1111  2.3536 42.6809
720 464 -0.5178  1.2777 31.1551
752 464 -0.7988  0.9174 68.1504
784 464 -0.5877  0.7872 87.1057
816 464 -0.2691  0.7501 45.0650
848 464 -0.1336  0.0000 80.8004
880 464 -0.1273  0.0517 61.5091
912 464 -0.0438 -0.0987 21.5662
944 464 -0.0517  1.4097 10.7144
976 464  0.0037  2.7184 14.8599
 16 496  0.0787  2.2006 10.7392
 48 496  0.5470  0.7613  9.7594
 80 496  0.1130 -0.0959 21.3301
112 496  0.0647  0.2061 54.9332
144 496  0.2228  0.3624 50.2313
176 496  0.0510  0.7787 40.9902
208 496  0.2076  1.6230 35.1886
240 496  0.5686  1.3289 41.1084
272 496  0.0606  2.3406 41.1196
304 496 -0.0583  2.8228 45.0793
336 496 -0.1574  2.7147 46.8676
368 496 -0.5164  2.8356 36.8005
400 496 -0.2965  2.7405 54.4555
432 496  0.0136  2.8404 50.1199
464 496 -0.0300  3.0911 48.7343
496 496 -0.0668  2.8052 48.8686
528 496  0.0171  2.7074 45.7964
560 496 -0.1311  2.8272 59.6110
592 496 -0.1896  2.7911 45.3079
624 496 -0.2577  2.0258 33.9134
656 496 -0.5725  2.0503 47.8215
688 496 -0.0777  2.0564 42.8128
720 496 -0.3933  1.2368 21.0956
752 496 -0.8734  0.6863 34.8706
784 496 -0.5714  0.3333 58.2191
816 496 -0.1741  0.3371 49.6619
848 496 -0.2404  0.3126 69.1804
880 496 -0.1719  0.1572 59.2250
912 496 -0.2342  0.0011 38.8257
944 496  0.0028 -0.0769 10.6713
976 496 -0.0121  0.5521 14.3982
 16 528  0.0043  1.0881 10.1687
 48 528 -0.2358  0.8100  9.1341
 80 528  0.0777 -0.0382 81.0708
112 528  0.1056  0.1814 50.7441
144 528 -0.0185  0.2250 52.3816
176 528 -0.0204  0.4460 38.5341
208 528  0.3700  1.0053 54.1387
240 528  0.4522  1.7072 57.7796
272 528 -0.0619  1.7906 33.9810
304 528 -0.1343  2.7663 31.5139
336 528 -0.1671  2.8333 28.4551
368 528 -0.4456  2.9197 51.0079
400 528 -0.2080  3.0085 49.1055
432 528 -0.1305  2.9436 48.5071
464 528 -0.1387  2.8632 33.9241
496 528 -0.2636  2.8147 42.5051
528 528 -0.1889  2.8635 41.8919
560 528 -0.2093  2.8795 60.5853
592 528 -0.1056  2.9771 46.3434
624 528  0.1205  2.8705 38.5713
656 528 -0.2388  2.1673 43.4827
688 528  0.0310  2.0442 48.5257
720 528 -0.0273  1.9620 37.7713
752 528  0.1461  1.0597 46.4198
784 528 -0.6752  0.5361 31.9190
816 528 -0.2961  0.3215 58.2444
848 528 -0.2273  0.5294 42.3668
880 528 -0.1856  0.0277 96.1883
912 528 -0.1032 -0.0364 44.3190
944 528 -0.0168 -0.1204 10.5669
976 528 -0.0140 -0.1610 13.7534
 16 560  0.0306  0.0433  9.8919
 48 560 -0.4576  0.2618  8.8601
 80 560  0.3118  0.4072  8.8344
112 560  0.1494  0.1955 30.2008
144 560  0.0179  0.2120 53.4808
176 560  0.0034  0.5763 43.8365
208 560 -0.0422  1.2440 51.5423
240 560  0.0717  2.0110 31.0435
272 560  0.1613  2.2010 26.3592
304 560 -0.0878  2.5180 30.3897
336 560 -0.2937  2.6204 44.4369
368 560 -0.2986  2.9752 44.6044
400 560 -0.5036  3.0956 27.6650
432 560 -0.2148  2.9211 48.0669
464 560 -0.0674  2.9067 43.3358
496 560 -0.0324  2.8359 58.3353
528 560 -0.2032  2.9230 44.4887
560 560 -0.0629  2.8831 43.5064
592 560 -0.0445  2.9772 60.5301
624 560  0.2631  2.8573 40.1486
656 560  0.5284  2.1332 47.8227
688 560  0.2695  1.9852 42.2526
720 560  0.6751  2.1642 47.7417
752 560  0.3118  1.7785 35.6504
784 560 -0.6877  0.7688 46.1040
816 560 -0.2766  0.1571 32.1702
848 560  0.0545  0.2621 45.8127
880 560 -0.0436  0.1048 64.7753
912 560 -0.0999  0.0706 46.9256
944 560 -0.2697 -0.0647 42.6636
976 560  0.0195 -0.1325 14.2492
 16 592  0.2253 -0.1667  9.2953
 48 592  0.1066 -0.1464  8.7361
 80 592  0.0116 -0.1145 47.8071
112 592  0.0322  0.4254 40.6257
144 592  0.0997  0.3875 48.4391
176 592 -0.0067  0.3642 36.2677
208 592  0.0801  0.0000 39.2588
240 592  0.1083  1.6338 55.1632
272 592  0.1855  2.5909 34.4444
304 592  0.2367  2.2939 46.1536
336 592 -0.1775  2.8818 41.3577
368 592 -0.0603  2.9322 51.3213
400 592 -0.1373  2.7711 51.0493
432 592 -0.1093  3.0288 46.3008
464 592 -0.0567  2.8052 46.6919
496 592  0.0334  3.0377 42.6443
528 592 -0.1556  2.8655 55.7493
560 592 -0.0323  2.8041 53.2105
592 592 -0.0748  2.8515 47.4194
624 592 -0.0073  2.7707 38.9240
656 592  0.2114  2.2784 26.9610
688 592  0.2702  1.9252 59.7013
720 592  0.2324  2.1991 37.3215
752 592  0.4314  2.0217 26.9036
784 592  0.1979  1.1070 24.2900
816 592 -0.1609  0.6211 40.9822
848 592  0.1209  0.1560 54.5422
880 592 -0.0868  0.0325 58.7433
912 592  0.0420  0.0547 47.5487
944 592  0.2680  0.0279 67.5330
976 592 -0.0084 -0.0237 14.7722
 16 624  0.1182 -0.0432  9.7576
 48 624  0.2349 -0.0207  9.8396
 80 624  0.0669  0.0289 24.0186
112 624 -0.1031  0.1217 25.9226
144 624  0.0118  0.2963 48.5146
176 624  0.0637  0.2315 35.2486
208 624  0.0803  0.8437 43.5807
240 624  0.1727  1.0543 55.5375
272 624  0.0538  2.5774 48.7187
304 624 -0.0756  2.8520 47.3636
336 624 -0.4038  2.9228 42.3307
368 624 -0.2389  2.7929 58.7227
400 624 -0.3701  2.6625 40.8890
432 624 -0.3826  2.9605 48.3455
464 624 -0.3195  3.0112 37.3549
496 624 -0.0363  2.8159 49.0918
528 624 -0.0386  2.9190 57.7456
560 624  0.0235  2.8999 54.9989
592 624  0.1350  2.8841 57.6292
624 624  0.0569  2.8113 40.5641
656 624  0.2348  2.4322 34.4451
688 624  0.3174  2.4754 33.6914
720 624  0.1123  2.2008 36.1910
752 624 -0.0941  0.9705 35.5131
784 624  0.1419  1.1503 27.0964
816 624 -0.1600  0.8033 48.0460
848 624 -0.0180  0.2907 60.9710
880 624 -0.0586  0.2049 60.1653
912 624  0.0494  0.0678 25.5854
944 624 -0.0994  0.0740 11.1919
976 624  0.0050  0.0647 13.9923
 16 656 -0.0007  0.0451  9.5227
 48 656  0.0172  0.0489  9.5397
 80 656  0.0857  0.0875 41.8025
112 656 -0.0666  0.0081 22.5738
144 656 -0.0145  0.8100 51.3879
176 656  0.0298  0.8078 28.9656
208 656  0.5220  0.9181 45.1791
240 656 -0.0327  1.3570 34.4615
272 656  0.1329  2.1293 42.6694
304 656 -0.0948  2.5885 34.5441
336 656 -0.2367  2.8836 47.4373
368 656 -0.2241  2.9836 40.2391
400 656 -0.2135  2.7552 37.9739
432 656 -0.0638  2.9405 36.4273
464 656 -0.0465  2.8547 60.0954
496 656  0.0390  2.8750 55.7667
528 656  0.0318  2.8651 51.7685
560 656 -0.0581  2.8230 48.2841
592 656  0.1511  2.7375 49.4430
624 656 -0.0621  2.8630 45.8679
656 656  0.0600  2.7775 37.3137
688 656  0.0313  2.4298 32.0678
720 656  0.2037  1.9270 41.3120
752 656 -0.0444  1.1499 37.5443
784 656  0.2362  1.1590 47.1087
816 656  0.0790  1.1884 33.7203
848 656 -0.0584  0.2036 68.0391
880 656 -0.0765  0.2034 78.9077
912 656 -0.0064  0.0940 60.7972
944 656 -0.0370  0.1089  9.8240
976 656  0.0059  0.1402 13.4047
 16 688  0.0983  0.1207 31.1979
 48 688  0.0187  0.0950 63.4456
 80 688  0.0297  0.1003 51.8670
112 688 -0.0090  0.1730 44.5628
144 688  0.0311  0.7482 47.5572
176 688  0.0138  0.8469 41.5137
208 688  0.1598  0.8565 35.8653
240 688  0.6841  1.1432 36.2183
272 688  0.0505  2.1140 31.2983
304 688 -0.1005  2.5758 39.3537
336 688 -0.0118  2.9165 43.1741
368 688 -0.0974  2.8666 40.2005
400 688 -0.1193  2.6584 37.8420
432 688 -0.1690  2.6371 40.7471
464 688 -0.2671  2.7030 48.4216
496 688 -0.2024  2.6528 53.7696
528 688 -0.1527  2.6923 46.9082
560 688  0.0911  2.6225 44.2076
592 688  0.0564  2.6892 45.8485
624 688  0.0409  2.8681 60.9759
656 688  0.0296  2.3880 38.0410
688 688 -0.0710  1.8952 33.5854
720 688 -0.7427  1.6313 22.7969
752 688 -0.0148  0.7757 42.5419
784 688 -0.0131  0.9859 47.2913
816 688 -0.2109  0.6343 32.7540
848 688 -0.2418  0.2182 50.0802
880 688  0.0609  0.1159 30.4403
912 688 -0.0267 -0.0364 77.2453
944 688  0.0162  0.0395 18.9794
976 688 -0.0005  0.1777 14.1298
 16 720 -0.1106  0.2050 63.3158
 48 720 -0.1518  0.1281 41.6800
 80 720  0.2406  0.0677 44.6165
112 720  0.1151  0.1534 42.6023
144 720 -0.0387  0.7320 18.5028
176 720  0.2875  0.7541 41.4819
208 720  0.0262  0.9508 30.0925
240 720  0.2616  1.3671 27.9832
272 720  0.0327  2.4344 27.0273
304 720 -0.3102  2.8197 32.5733
336 720 -0.2666  2.8912 50.2980
368 720 -0.1412  2.8233 39.3080
400 720 -0.2406  2.7880 39.4993
432 720  0.0241  2.6677 45.9730
464 720 -0.0705  2.6787 43.6425
496 720 -0.0791  2.5158 31.6641
528 720 -0.0800  2.5932 46.8436
560 720 -0.1368  2.6819 46.2064
592 720  0.0546  2.6723 39.9138
624 720  0.2430  2.9840 55.6716
656 720  0.1271  2.3730 29.7664
688 720  0.1717  2.0371 45.8819
720 720  0.0474  1.0874 27.2691
752 720  0.4619  0.6923 31.8709
784 720  0.0193  0.9984 48.9564
816 720 -0.3284  0.8734 44.2512
848 720 -0.0261  0.2714 59.7352
880 720  0.2021  0.2149 56.0715
912 720  0.2822  0.1287 33.9315
944 720 -0.0655  0.0681 10.9136
976 720  0.0050  0.1081 14.7111
 16 752 -0.2881  0.2572 46.5776
 48 752 -0.1694  0.1436 57.4507
 80 752 -0.0481  0.0090 64.0019
112 752 -0.0140  0.5888 32.8557
144 752 -0.1696  0.9720 41.8226
176 752 -0.0197  0.8730 36.8024
208 752 -0.5426  1.1940 41.7278
240 752 -1.0138  1.7954 24.2768
272 752 -1.1516  2.6761 49.4704
304 752 -0.6624  2.6988 52.1844
336 752 -0.8493  2.0902 32.6414
368 752 -0.1099  2.7561 26.3997
400 752 -0.1564  2.4929 42.5486
432 752 -0.0400  2.5787 39.6425
464 752  0.1196  2.3257 35.6679
496 752  0.0070  2.2649 43.9873
528 752 -0.0550  2.5545 33.8575
560 752  0.2004  2.2062 37.9978
592 752 -0.0077  2.3202 43.4489
624 752  0.0385  2.7091 38.0378
656 752  0.1885  2.4665 46.9467
688 752  0.2484  1.9548 55.6843
720 752  0.4943  1.3154 20.0544
752 752  0.5466  0.9572 19.2340
784 752  0.4012  0.9652 38.2648
816 752  0.1290  1.0055 55.3188
848 752  0.1110  0.5811 33.2985
880 752  0.0874  0.6853 69.5086
912 752  0.0536  0.1641 58.6799
944 752 -0.0118  0.0805 46.4703
976 752  0.0103  0.2274 13.7501
 16 784 -0.1055  0.1567 36.6744
 48 784 -0.1176  0.1986 51.0782
 80 784 -0.3516  0.2299 45.8396
112 784 -0.4429  0.8446 34.5896
144 784 -0.2016  1.3041 28.4648
176 784 -0.8038  1.0434 33.7166
208 784 -0.9994  1.2979 54.6966
240 784 -1.0137  1.8318 40.5272
272 784 -1.0904  2.1528 45.0086
304 784 -1.0591  2.0091 44.2003
336 784 -0.6292  1.9909 44.0658
368 784 -0.8625  2.0437 31.0923
400 784 -0.2561  2.0965 51.2564
432 784 -0.1121  2.1093 38.6163
464 784  0.0266  2.0383 38.9718
496 784  0.0251  1.8795 41.4468
528 784  0.1041  2.4300 36.4696
560 784  0.1364  2.2401 36.3419
592 784  0.3836  2.4823 44.0597
624 784  0.4966  2.2431 47.2145
656 784  0.7755  2.5041 31.1211
688 784  0.6885  2.0922 41.3412
720 784  0.7020  1.7594 34.2987
752 784  0.7756  0.9247 36.0858
784 784  0.3343  0.8742 42.1893
816 784  0.1798  0.8925 50.4811
848 784  0.3543  0.9344 56.0979
880 784  0.2698  0.8221 56.0367
912 784  0.2421  0.4395 66.5277
944 784  0.1796 -0.0287 59.3084
976 784  0.0074  0.2401 17.8170
 16 816 -0.0674  0.5996 45.6297
 48 816 -0.1244  0.5090 44.7086
 80 816 -0.3892  0.2099 36.1937
112 816 -1.3236  0.6084 29.0146
144 816 -0.9716  1.0547 42.9451
176 816 -0.9296  1.2207 25.7504
208 816 -1.0904  1.6972 38.6482
240 816 -1.3312  2.0088 48.4170
272 816 -1.1024  1.9615 54.2493
304 816 -0.8509  1.9737 45.6234
336 816 -0.6364  2.0525 37.1985
368 816 -0.7210  1.8542 39.0848
400 816 -0.6776  2.1167 45.2718
432 816 -0.0710  1.9168 48.7269
464 816 -0.0563  2.0182 47.7744
496 816  0.0016  1.8540 47.6470
528 816  0.2439  1.9991 40.7825
560 816  0.0473  1.9690 37.0880
592 816  0.6018  1.9826 43.4421
624 816  0.7286  2.0266 32.9833
656 816  0.5140  2.2851 35.8355
688 816  1.1178  2.0864 35.4789
720 816  0.9298  1.9330 33.2235
752 816  1.0815  1.7405 26.1746
784 816  0.5890  0.8688 42.1408
816 816  0.6190  0.8300 40.7376
848 816  0.8603  0.8762 40.0330
880 816  0.4873  0.6576 66.7771
912 816  0.3265  0.8012 59.3846
944 816  0.3383  0.2221 62.8893
976 816  0.0342  0.0781 53.2291
 16 848 -0.2988  0.3398 42.6534
 48 848 -0.1023  0.3929 43.5958
 80 848 -0.9243  0.9017 17.4641
112 848 -1.3905  0.9240 48.0704
144 848 -1.7505  1.2049 40.7313
176 848 -1.1486  1.2966 42.9964
208 848 -1.0438  1.7456 31.4830
240 848 -1.0072  1.6020 34.4271
272 848 -1.0010  1.6223 40.2709
304 848 -0.6996  1.5141 40.9209
336 848 -0.6084  1.9327 38.8137
368 848 -0.3545  1.6591 32.8930
400 848 -0.4376  1.6022 37.9214
432 848 -0.0067  1.1767 70.8822
464 848 -0.1817  1.6620 39.0613
496 848  0.0756  1.7159 43.0534
528 848 -0.0322  1.9372 50.0441
560 848  0.1846  1.9649 43.4649
592 848  0.2304  1.8621 44.8583
624 848  0.4874  1.7670 37.2329
656 848  0.8190  2.0698 45.7561
688 848  0.7975  1.8168 46.7450
720 848  0.9209  1.8200 40.7262
752 848  0.9078  1.5213 31.1420
784 848  0.8862  0.2630 43.4459
816 848  0.7827  0.8025 30.3062
848 848  1.0582  0.9438 46.3459
880 848  0.5740  0.6770 43.1658
912 848  0.5628  0.2873 61.7780
944 848  0.6029  0.0934 37.4146
976 848  0.5311 -0.0445 47.8611
 16 880 -0.4658  0.2129 31.2026
 48 880 -0.3043  0.3256 32.0940
 80 880 -0.5184  0.7990 27.1066
112 880 -0.9889  0.9628 38.2370
144 880 -1.2972  0.9740 26.7761
176 880 -1.4672  1.7697 36.9137
208 880 -1.0376  1.7643 36.4799
240 880 -0.7976  1.2716 46.9460
272 880 -0.7015  1.3550 31.4708
304 880 -0.8507  1.2803 37.8171
336 880 -0.7375  1.4231 31.2909
368 880 -0.4599  1.0342 44.8462
400 880 -0.3001  1.0018 47.1134
432 880 -0.0994  1.3921 43.3763
464 880 -0.1669  1.8309 44.9533
496 880 -0.0760  1.3082 34.2062
528 880  0.1337  1.5176 55.9265
560 880  0.0227  1.5228 44.3311
592 880  0.4816  1.6683 32.6065
624 880  0.4041  1.8187 31.9635
656 880  0.5768  1.5750 32.2540
688 880  0.9394  1.7584 40.3245
720 880  1.0737  1.4111 44.4078
752 880  1.1814  0.9785 29.6287
784 880  0.7342  0.3937 39.3880
816 880  0.6917  0.7049 36.5735
848 880  0.7623  0.9305 44.2796
880 880  0.9466  0.3472 50.3983
912 880  1.3577  0.3996 42.0371
944 880  1.2718  0.3273 54.2263
976 880  0.9076  0.1158 61.2951
 16 912 -0.6298  0.3009 37.6942
 48 912 -0.8144  0.3955 46.5434
 80 912 -0.9511  0.7907 38.8590
112 912 -1.1069  1.0808 31.0102
144 912 -1.3582  1.5107 35.5872
176 912 -1.5000  1.4601 26.5554
208 912 -1.1855  1.6349 37.1543
240 912 -1.0709  0.9208 54.7785
272 912 -1.0538  0.9427 43.8402
304 912 -1.0199  0.8631 39.1315
336 912 -0.9883  0.8137 48.0951
368 912 -0.6724  0.7982 46.3257
400 912 -0.2854  0.9958 42.9301
432 912 -0.0127  0.4021 49.2118
464 912 -0.0939  0.8800 39.0277
496 912  0.2321  1.1293 50.3262
528 912  0.1101  1.0728 49.9058
560 912  0.4397  0.8380 37.5854
592 912  0.5459  1.0358 44.4805
624 912  0.7983  1.0589 44.8606
656 912  0.6116  0.9538 53.0246
688 912  1.0016  1.2574 38.8133
720 912  1.0814  1.0708 27.7170
752 912  0.9937  0.9584 47.6733
784 912  1.2210  0.4498 44.2019
816 912  0.9731  0.5710 34.1781
848 912  0.9777  0.1540 41.9278
880 912  1.7515  0.0360 49.0977
912 912  1.7008  0.0845 52.8549
944 912  1.7848  0.0692 62.3077
976 912  1.3755  0.2932 44.4384
 16 944 -1.1798  0.3740 29.2724
 48 944 -1.1714  0.1809 43.5832
 80 944 -0.9531  0.8783 41.3420
112 944 -0.9014  1.1425 39.3411
144 944 -1.3397  1.0861 26.2751
176 944 -1.5274  0.5553 28.8664
208 944 -1.2010  0.9017 37.2961
240 944 -1.0993  0.9853 50.8060
272 944 -1.0431  0.8889 45.1107
304 944 -0.9861  0.7408 37.2844
336 944 -0.8273  0.0999 36.8882
368 944 -0.9381  0.5371 38.5044
400 944 -0.4618  0.6659 34.7289
432 944 -0.2977  0.3285 36.9282
464 944 -0.2790  0.5864 34.0493
496 944 -0.1378  0.7024 34.6462
528 944  0.0143  0.7610 51.4499
560 944  0.5858  0.9038 37.4330
592 944  0.3701  0.9560 52.0322
624 944  0.6102  1.0257 40.7247
656 944  0.7631  0.6981 45.6147
688 944  0.9838  1.0467 39.5492
720 944  1.0215  0.9599 29.9353
752 944  1.0794  0.6797 33.7483
784 944  1.5383  0.0748 33.1942
816 944  1.5796  0.1539 43.3456
848 944  1.8427  0.0254 45.3653
880 944  1.8691 -0.0729 33.0853
912 944  1.8883 -0.0432 50.1704
944 944  2.0413  0.0989 55.2942
976 944  1.7555  0.0352 48.4525
 16 976 -1.6749  0.6670 28.4134
 48 976 -1.9911  0.2863 33.5622
 80 976 -2.0194  0.6789 25.7069
112 976 -1.8936  0.8181 32.0348
144 976 -1.7452  0.8537 46.7755
176 976 -1.2206 -0.0417 34.1984
208 976 -1.2852  0.2844 26.5633
240 976 -0.8360  0.2494 30.9695
272 976 -0.9351  0.1591 43.8604
304 976 -0.9858  0.1612 46.8286
336 976 -0.7715 -0.0835 43.1038
368 976 -0.6221  0.1130 40.2562
400 976 -0.4927  0.1730 35.1971
432 976 -0.3733  0.1789 36.3838
464 976 -0.2572  0.1610 40.2973
496 976 -0.1827  0.6211 34.6337
528 976 -0.0924  0.2808 47.2273
560 976  0.1326  0.4043 47.0403
592 976  0.4226  0.3874 42.6245
624 976  0.6617  0.3912 37.3910
656 976  0.7893  0.2692 43.3030
688 976  1.1275  0.3126 46.2307
720 976  1.4903  0.3453 41.0427
752 976  2.0574  0.1717 47.4256
784 976  2.0175  0.0362 59.5569
816 976  2.1404  0.0499 58.4443
848 976  2.3804  0.0481 52.3581
880 976  2.2520 -0.1913 51.8806
912 976  2.2884  0.1011 57.8312
944 976  2.3967  0.0168 44.1702
976 976  2.6506 -0.1035 43.4349
 16 1008 -0.3733 -0.0206 13.4759
 48 1008  0.0428  0.0216 32.4183
 80 1008 -0.2059 -0.0051 15.3535
112 1008 -0.2334 -0.0447 12.5834
144 1008 -0.2164 -0.0124 22.7194
176 1008 -0.0915  0.0770 17.5979
208 1008 -0.1475 -0.0417 13.0055
240 1008 -0.7378  0.0045 14.4653
272 1008 -0.0855 -0.0347 16.1924
304 1008  0.0763  0.0094 15.9296
336 1008 -0.1906 -0.0975 13.8305
368 1008  0.0108 -0.0204 15.6068
400 1008 -0.1257 -0.0227 14.9166
432 1008 -0.1201 -0.0413 15.9383
464 1008 -0.0452 -0.0452 14.7723
496 1008  0.0336 -0.0577 20.5077
528 1008 -0.0399  0.0127 21.9071
560 1008 -0.0029 -0.0322 21.6555
592 1008  0.0399 -0.0380 23.2848
624 1008 -0.0242 -0.0614 23.2918
656 1008  0.1217 -0.0346 20.8562
688 1008  0.1651 -0.0630 20.1367
720 1008  0.0259 -0.0347 20.6014
752 1008 -0.1543 -0.1523 18.3345
784 1008 -0.0146 -0.0377 23.2139
816 1008 -0.0846 -0.1733 15.6449
848 1008 -0.1572 -0.1279 24.5598
880 1008 -0.0632 -0.0122 26.0630
912 1008  0.1037 -0.1373 14.6892
944 1008 -0.0883 -0.1285 21.3108
976 1008  0.0451 -0.0260 19.4906
