 16  16 -0.0029     NaN 52.6061
 48  16 -0.0016 -0.5040 57.1484
 80  16  0.0045 -0.5015 56.0042
112  16  0.0223 -0.5058 55.3996
144  16 -0.0676 -0.1563 35.7907
176  16  0.0010 -0.0163 25.3772
208  16 -0.1267  0.1314 31.0743
240  16  0.1755  0.1651 30.6437
272  16  0.0800  0.6451 26.8954
304  16  0.0000  0.0000 19.3633
336  16  0.0000  0.0000 33.6500
368  16  0.0000  0.0000 33.1103
400  16  0.0000  0.0000 29.1065
432  16  0.0000  0.0000 35.5610
464  16  0.0305  2.9009 33.3421
496  16  0.0000  0.0000 35.0032
528  16  0.0833  2.9301 44.2442
560  16 -0.0091  3.0265 28.6742
592  16  0.0000  0.0000 30.2368
624  16  0.0000  0.0000 28.7128
656  16  0.0000  0.0000 29.0688
688  16  0.0000  0.0000 28.0935
720  16  0.0000  0.0000 25.9489
752  16 -0.1928  0.6978 33.5972
784  16  0.0084  0.3094 32.7017
816  16  0.0054 -0.1347 63.2219
848  16 -0.0702 -0.2638 68.3730
880  16  0.0044 -0.5098 58.2879
912  16  0.1560 -0.1210 63.7374
944  16 -0.0101 -0.0002 64.8420
976  16  0.0036  0.0006 60.7937
 16  48 -0.1163     NaN  9.4843
 48  48  0.0016     NaN  8.5183
 80  48  0.0104     NaN  8.8404
112  48  0.0045     NaN  8.1569
144  48 -0.1782  0.0404 48.9805
176  48  0.0140  0.4048 50.7678
208  48  0.0777  0.5775 24.2805
240  48  0.2844  1.5524 41.4962
272  48 -0.2730  1.8046 41.3688
304  48  0.0402  2.1512 48.5065
336  48 -0.0342  2.6320 45.6150
368  48  0.0478  2.8749 48.3166
400  48  0.0741  2.9334 60.3663
432  48  0.0645  3.0144 74.0083
464  48  0.0494  2.9750 54.1943
496  48 -0.0655  2.9013 48.3374
528  48  0.1737  3.0152 54.5217
560  48  0.0874  2.9782 75.0654
592  48  0.0169  2.9090 61.5423
624  48  0.0278  3.0441 64.1374
656  48  0.0867  2.9035 64.3464
688  48  0.0932  2.8146 63.8138
720  48 -0.0488  2.3345 31.9489
752  48 -0.2062  1.7979 45.6336
784  48 -0.0286  1.3685 37.8714
816  48  0.1157  0.2576 49.3929
848  48 -0.0034  0.0532 40.9608
880  48  0.7565     NaN  8.4049
912  48  0.3178     NaN  8.2461
944  48 -0.0319     NaN  9.5725
976  48  0.0110     NaN 14.2577
 16  80 -0.0968     NaN  9.6635
 48  80  0.1047     NaN  8.8699
 80  80  0.0045  0.0858 47.6064
112  80  0.0543  0.0122 32.7835
144  80 -0.0594  0.0742 64.0437
176  80 -0.0069  0.1451 85.9445
208  80  0.0319  0.9531 49.3359
240  80  0.2525  1.8168 42.4562
272  80  0.1747  1.6421 54.7002
304  80  0.0563  1.8790 35.3778
336  80  0.0622  2.8984 57.9036
368  80  0.1068  2.8047 46.2936
400  80 -0.0404  3.0268 59.6646
432  80  0.0375  2.9640 53.2203
464  80  0.1033  3.0482 63.7136
496  80  0.0462  2.8646 66.7219
528  80 -0.0758  2.9318 45.0615
560  80 -0.0860  2.8708 55.7044
592  80 -0.1039  2.8817 66.6410
624  80  0.0344  3.0205 65.3149
656  80 -0.0283  2.9555 60.0664
688  80 -0.0919  2.8707 44.3026
720  80  0.1393  2.0828 37.3742
752  80 -0.2716  1.7842 32.2494
784  80  0.1104  1.0598 55.7881
816  80 -0.0895  0.3145 48.0860
848  80  0.2568  0.0559 155.9728
880  80  0.2166     NaN  8.9039
912  80  0.3805     NaN  8.8945
944  80  0.0060     NaN 10.3841
976  80 -0.0202     NaN 14.5166
 16 112 -0.1042     NaN  9.3391
 48 112 -0.0664     NaN 11.7287
 80 112  0.0848     NaN 11.3688
112 112  0.0811     NaN 19.9905
144 112 -0.0484  0.1272 31.3801
176 112 -0.0244  0.1550 35.5790
208 112 -0.0960  0.9499 38.1668
240 112  0.1209  1.8044 31.0151
272 112 -0.0400  1.8218 34.9282
304 112  0.0339  2.1191 31.9771
336 112 -0.2779  2.9160 46.6250
368 112  0.0276  2.9143 51.9808
400 112 -0.0506  2.9900 64.5827
432 112 -0.0162  2.9709 54.4973
464 112 -0.0188  2.9862 58.3351
496 112  0.0162  3.0495 65.4832
528 112 -0.3205  2.8437 62.1626
560 112 -0.1541  2.9374 55.6777
592 112 -0.0456  2.8730 58.0223
624 112  0.0369  2.9294 66.0717
656 112  0.0420  2.9558 67.2460
688 112  0.0389  2.7836 44.0564
720 112 -0.0073  2.0988 39.0165
752 112 -0.0624  1.8512 58.7865
784 112 -0.2042  0.6918 52.1015
816 112 -0.0398  0.5084 19.2566
848 112 -0.3704     NaN  8.4209
880 112 -0.2204     NaN  9.1247
912 112 -0.8699     NaN  8.3870
944 112 -0.0960     NaN  9.7445
976 112  0.0055     NaN 13.7926
 16 144 -0.0116     NaN  9.4983
 48 144  0.1330     NaN  8.8837
 80 144  0.1194     NaN 11.4026
112 144  0.2191  0.1072 42.7969
144 144  0.1292  0.0057 42.9155
176 144  0.0049  0.2778 38.4300
208 144 -0.0105  0.4240 36.2272
240 144  0.2900  1.9590 22.9574
272 144  0.0372  1.9960 25.9444
304 144 -0.2037  2.7890 38.0486
336 144 -0.1148  2.9371 61.9396
368 144 -0.0716  2.9295 55.4244
400 144 -0.1159  2.9497 64.3306
432 144  0.0091  3.0511 58.0805
464 144 -0.0583  2.9222 55.7208
496 144 -0.0541  2.9819 47.9103
528 144 -0.2010  2.9222 64.9661
560 144 -0.4393  2.7309 41.8751
592 144 -0.0342  2.6846 52.9420
624 144  0.1577  2.7337 39.2494
656 144  0.0925  2.9773 50.4911
688 144 -0.0089  2.9619 41.1307
720 144  0.1638  2.1156 36.4664
752 144  0.1187  2.1660 48.6006
784 144 -0.0250  1.0435 33.4743
816 144 -0.1443  0.9197 30.9129
848 144 -0.1534  0.0460 33.9891
880 144 -0.0005     NaN  8.3692
912 144 -0.2267     NaN  9.4825
944 144  0.0173     NaN 10.5184
976 144 -0.0261     NaN 14.2382
 16 176  0.1058  0.0532 62.9391
 48 176  0.6793     NaN  8.8298
 80 176 -0.0673     NaN 10.8963
112 176  0.0613  0.1206 24.2422
144 176  0.0325  0.1952 39.7306
176 176  0.1576  0.2633 46.5051
208 176  0.1031  0.3944 26.3412
240 176  0.4314  1.1265 25.5607
272 176  0.0681  2.0373 39.1678
304 176  0.2651  2.3361 43.5391
336 176 -0.0698  2.8857 61.1563
368 176 -0.1354  3.0433 56.9123
400 176 -0.1477  3.1430 62.6591
432 176  0.0200  2.9091 24.3338
464 176 -0.1640  2.9055 47.2469
496 176 -0.1525  3.0267 62.2611
528 176 -0.2409  2.9519 52.2735
560 176 -0.1120  2.5251 48.1159
592 176 -0.0366  2.5954 62.4158
624 176  0.0405  2.7521 49.4779
656 176  0.0553  3.0090 53.0648
688 176  0.2327  3.0186 49.9518
720 176  0.2787  2.4424 44.2818
752 176  0.3018  1.9280 33.2907
784 176  0.1149  1.4436 40.9128
816 176  0.4692  1.8268 23.4914
848 176  0.3187 -0.0950 24.4513
880 176  0.2289     NaN  8.7997
912 176  0.0337     NaN  9.3774
944 176 -0.1506     NaN 10.7055
976 176  0.0179     NaN 13.4847
 16 208  0.0556     NaN 12.3059
 48 208 -0.2279     NaN  8.6682
 80 208  0.0842     NaN  9.1057
112 208  0.0546  0.0883 25.9884
144 208 -0.0118  0.0873 51.3400
176 208  0.0870  0.4824 54.7961
208 208 -0.0410  0.3474 23.5767
240 208  0.1575  0.7410 22.8075
272 208  0.0650  2.1787 31.7808
304 208 -0.0393  2.2555 54.7340
336 208  0.0152  2.8985 57.5313
368 208  0.0623  2.9628 47.1987
400 208 -0.0662  3.0458 54.5548
432 208 -0.1625  2.9402 32.7966
464 208 -0.1158  2.8589 55.2801
496 208 -0.0226  2.9476 65.7291
528 208 -0.1412  2.8871 79.6223
560 208 -0.0211  2.8049 51.9615
592 208  0.0323  2.4244 55.0269
624 208  0.0503  2.6405 53.5286
656 208  0.1032  2.9629 46.5240
688 208  0.1499  2.8690 62.3291
720 208  0.3604  2.7773 44.6346
752 208  0.2802  2.0009 41.7425
784 208  0.2100  1.1945 28.8116
816 208  0.8629  1.1158 44.2215
848 208  0.1516  0.0779 52.9151
880 208  0.0000  0.0000  8.3948
912 208  0.3559     NaN  8.4685
944 208  0.0578     NaN  9.3803
976 208  0.0048     NaN 14.1667
 16 240 -0.0118     NaN 13.2929
 48 240 -0.0305     NaN  8.6403
 80 240 -0.0515  0.1235 32.6464
112 240 -0.0534  0.0177 42.3500
144 240  0.0247  0.1919 46.7413
176 240  0.0475  0.2554 54.3542
208 240  0.0226  0.6636 27.3626
240 240 -0.3126  1.2950 36.0118
272 240 -0.1380  1.7642 37.8860
304 240  0.1253  2.1604 46.4862
336 240 -0.0437  2.6879 47.7770
368 240 -0.1348  2.6917 46.9915
400 240 -0.0015  2.8843 39.6775
432 240  0.0643  2.7664 66.3652
464 240 -0.0109  2.8857 53.8985
496 240  0.0039  2.9389 51.9117
528 240 -0.1006  2.9062 52.7568
560 240  0.1136  2.7948 50.1787
592 240  0.0943  2.6246 46.9053
624 240 -0.0714  2.7310 62.4004
656 240  0.0472  2.9104 57.9535
688 240  0.0436  2.7652 51.0647
720 240  0.4104  2.3531 41.3998
752 240  0.5989  2.1569 43.6376
784 240  0.2846  1.7795 45.3156
816 240  0.3177  1.0732 21.6442
848 240  0.0695     NaN 13.1655
880 240 -0.1224     NaN  9.2662
912 240 -0.2366     NaN  8.8566
944 240 -0.0185     NaN 10.5182
976 240 -0.0077     NaN 14.6913
 16 272  0.0919     NaN 14.9064
 48 272  0.0766  0.0065 54.2785
 80 272  0.0653  0.0666 24.7728
112 272 -0.0383  0.0028 60.1980
144 272  0.0307  0.2179 35.1376
176 272  0.0559  0.2460 88.0829
208 272  0.0225  0.7998 52.9765
240 272 -0.0077  1.1005 32.5811
272 272 -0.0510  1.9612 30.8773
304 272 -0.0425  2.5433 25.6275
336 272 -0.1213  2.5080 39.3106
368 272 -0.2126  2.5789 43.2246
400 272 -0.0617  2.7430 39.3373
432 272  0.0900  2.9366 47.4106
464 272 -0.0359  3.0795 50.9872
496 272 -0.0300  2.8896 56.5866
528 272 -0.0558  2.9467 55.6464
560 272 -0.1316  2.7624 53.7724
592 272  0.0297  2.5777 64.2204
624 272 -0.1132  2.6385 45.9664
656 272 -0.0631  2.8264 64.3488
688 272 -0.0674  2.6391 44.4015
720 272  0.2891  2.4718 46.8038
752 272  0.3258  2.2746 47.0323
784 272  0.1625  1.8573 36.2016
816 272  0.0331  0.5089 49.4045
848 272  0.0080  0.8075 56.9059
880 272 -0.1079     NaN 19.8167
912 272  0.4581     NaN  8.3896
944 272  0.0442     NaN  9.7204
976 272 -0.0080     NaN 15.3062
 16 304  0.0535     NaN 10.9203
 48 304  0.0005  0.1092 78.8939
 80 304  0.0387  0.0756 38.2738
112 304 -0.0739  0.0625 39.4287
144 304  0.1285  0.0709 41.2977
176 304  0.1882  0.2770 50.6107
208 304  0.0494  0.6357 35.0140
240 304  0.2154  1.0640 51.9152
272 304  0.1201  1.9561 27.9965
304 304  0.1334  2.3175 39.2561
336 304  0.1270  2.8096 41.5805
368 304 -0.0096  2.4925 51.7331
400 304 -0.0011  2.7144 50.6218
432 304 -0.0773  2.8645 62.0809
464 304 -0.1840  2.9440 52.5123
496 304 -0.0063  3.1132 73.2222
528 304  0.0215  2.9823 59.3024
560 304 -0.0772  2.6119 46.0192
592 304  0.0770  2.7426 63.6525
624 304 -0.2191  2.7037 47.6553
656 304 -0.1990  2.6358 51.5161
688 304  0.0097  2.5890 51.9920
720 304  0.0207  2.6819 52.2137
752 304  0.0047  2.2277 49.4261
784 304  0.1592  1.1340 46.4555
816 304  0.1879  0.6626 19.7318
848 304  0.3998  0.0901 65.4691
880 304  0.0679     NaN  9.1186
912 304 -0.2573     NaN  8.9047
944 304  0.0487     NaN 11.1139
976 304 -0.0090     NaN 14.2870
 16 336  0.0892  0.0034 70.2409
 48 336 -0.0714  0.1408 35.4920
 80 336  0.1006 -0.0372 42.7747
112 336  0.0550  0.0766 37.7840
144 336  0.0566  0.2629 60.6169
176 336  0.0370  0.5736 41.7540
208 336  0.1221  0.7342 39.9509
240 336 -0.1281  0.9303 39.4789
272 336  0.1424  2.0427 24.2740
304 336  0.0000  0.0000 46.0804
336 336  0.0641  2.7245 42.0959
368 336 -0.0001  2.6994 61.6442
400 336  0.0592  2.8475 63.2464
432 336 -0.1704  2.8659 40.6365
464 336 -0.1086  2.8903 56.0181
496 336  0.0129  2.8963 45.2816
528 336 -0.0572  2.9230 41.4205
560 336  0.0283  2.7385 48.3184
592 336 -0.0414  2.7568 62.9897
624 336  0.0845  2.8494 67.0496
656 336 -0.0084  2.7690 65.6079
688 336 -0.1190  2.8973 58.8459
720 336  0.1022  2.5722 49.7416
752 336  0.0412  2.1253 48.0568
784 336  0.1212  0.9690 46.2238
816 336  0.0143  0.9588 24.7269
848 336  0.2411     NaN  9.2334
880 336 -0.1467     NaN  8.8667
912 336 -0.1665     NaN  8.6664
944 336 -0.0011     NaN 11.7282
976 336 -0.0135     NaN 13.9959
 16 368  0.0788     NaN 10.9400
 48 368  0.0242     NaN 17.3891
 80 368  0.0476 -0.0887 22.7403
112 368  0.0670  0.1530 62.4070
144 368  0.1968  0.1818 34.5475
176 368  0.1220  0.7900 53.6430
208 368 -0.0138  1.0785 52.4207
240 368  0.0575  1.2082 44.0435
272 368 -0.3792  1.7151 19.9155
304 368  0.0211  2.1790 50.1482
336 368 -0.0150  2.6908 50.2633
368 368  0.0000  0.0000 53.2983
400 368  0.1025  2.8358 57.0571
432 368  0.1801  2.8631 58.7883
464 368  0.0887  2.9672 49.2595
496 368  0.0407  2.9511 53.3631
528 368  0.0226  2.8184 63.3216
560 368 -0.0041  2.7701 49.0099
592 368 -0.0038  2.9801 54.6707
624 368  0.2398  2.9955 59.5548
656 368  0.0365  2.8905 65.8141
688 368  0.0976  2.8875 60.9693
720 368 -0.2372  2.3504 38.6803
752 368 -0.1591  1.3763 43.6843
784 368 -0.2860  1.6181 29.5745
816 368 -0.1559  0.0715 70.7066
848 368  0.0683     NaN  8.9852
880 368 -0.1229     NaN  8.5775
912 368 -0.0834     NaN  8.3859
944 368  0.0533     NaN  9.6861
976 368 -0.0005     NaN 13.1610
 16 400  0.0329     NaN 12.7512
 48 400  0.1341     NaN 13.1017
 80 400 -0.0308  0.0886 53.1314
112 400  0.1228  0.0306 30.3150
144 400 -0.1363  0.5893 59.0915
176 400 -0.1339  0.7074 47.7190
208 400  0.0121  1.1181 61.3382
240 400  0.0517  1.4397 39.1864
272 400 -0.0604  1.7521 34.1515
304 400  0.1357  2.0632 34.5193
336 400 -0.0702  2.5746 37.9578
368 400 -0.3119  2.7429 52.6718
400 400  0.0741  2.8190 53.5701
432 400  0.0190  2.8949 56.4289
464 400  0.0161  2.9008 51.0887
496 400 -0.0045  2.9161 61.8239
528 400  0.1035  2.8303 63.4934
560 400  0.1494  2.8672 53.4585
592 400  0.1268  2.8854 47.2319
624 400  0.0630  3.1129 61.1313
656 400 -0.0414  2.9428 56.2372
688 400  0.0522  2.8678 58.4718
720 400  0.1009  2.2385 43.1125
752 400 -0.0255  1.4366 33.6032
784 400 -0.0381  1.1132 59.6796
816 400 -0.0551  0.3863 29.7238
848 400 -0.0608 -0.0067 49.8020
880 400 -0.7607     NaN  8.6055
912 400  0.0547     NaN  9.4288
944 400 -0.0497     NaN 10.6746
976 400 -0.0025     NaN 14.2540
 16 432  0.0362  0.2237 154.9084
 48 432  0.1292  0.2289 49.5946
 80 432  0.1134  0.2645 46.6006
112 432  0.2074  0.0851 44.5875
144 432 -0.1764  0.6242 31.2019
176 432  0.3380  0.3189 43.5741
208 432  0.1550  0.8740 60.6546
240 432 -0.1486  1.8289 43.9536
272 432  0.1589  1.9803 29.5000
304 432  0.3738  2.1802 33.8757
336 432  0.0496  2.8851 59.9127
368 432 -0.0765  3.0108 56.6246
400 432 -0.0042  2.7869 49.7943
432 432  0.0137  2.9120 63.4383
464 432  0.0448  2.9513 54.5358
496 432 -0.0190  2.8452 56.5645
528 432 -0.0287  2.8891 54.9327
560 432 -0.0975  2.9388 40.5821
592 432  0.0103  2.9103 69.6278
624 432  0.0288  2.9562 71.3335
656 432 -0.1839  2.9283 57.2484
688 432 -0.0979  3.0578 36.6447
720 432 -0.0436  1.7764 41.0351
752 432 -0.1091  1.4771 48.2346
784 432 -0.0698  1.2050 39.8189
816 432  0.2846  0.1816 48.5728
848 432 -0.0988  0.0490 42.7156
880 432  0.1949     NaN  8.2137
912 432  0.8803     NaN  8.5926
944 432  0.0377     NaN  9.8122
976 432 -0.0047     NaN 13.7572
 16 464 -0.0010  0.0374 24.1291
 48 464 -0.0575  0.0863 35.1685
 80 464  0.1135  0.3478 40.7671
112 464  0.1030  0.0714 49.8927
144 464 -0.2249  0.3606 45.0881
176 464  0.0996  0.5321 53.6398
208 464  0.1172  0.9957 74.6845
240 464  0.0512  1.6530 52.0257
272 464  0.0643  1.4291 31.5401
304 464  0.0335  1.7843 37.3277
336 464 -0.0865  2.7245 49.8309
368 464 -0.1071  3.0694 68.5167
400 464 -0.1449  2.9298 61.7529
432 464  0.1363  2.7899 54.8212
464 464 -0.0716  2.9157 55.7690
496 464  0.0924  2.8713 64.1882
528 464  0.0871  2.8992 64.1706
560 464  0.1267  2.9170 71.4928
592 464 -0.0049  2.9672 59.8360
624 464  0.0005  2.9286 60.4459
656 464  0.1574  2.8774 50.7692
688 464  0.0700  2.7825 45.9698
720 464 -0.2317  1.5732 48.0609
752 464  0.0232  1.0568 54.1565
784 464  0.1271  1.7410 41.9944
816 464 -0.0037  0.9537 68.6143
848 464  0.0684 -0.0373 58.9567
880 464 -0.0470  0.0128 40.9126
912 464 -0.4809     NaN  8.9958
944 464  0.0191     NaN 10.2744
976 464 -0.0006     NaN 14.2180
 16 496  0.0738  0.0562 49.1827
 48 496  0.0627  0.0685 43.8519
 80 496  0.0772  0.2061 45.6931
112 496 -0.0636  0.3260 42.1327
144 496 -0.0982  0.6303 45.3572
176 496  0.0252  0.4945 50.5620
208 496  0.0329  1.5555 40.3407
240 496 -0.2956  1.8378 49.3294
272 496 -0.0470  1.8955 40.1209
304 496 -0.2105  1.9267 36.2039
336 496 -0.1922  2.5394 39.6248
368 496 -0.0890  2.9491 69.1053
400 496 -0.0392  2.9391 47.4315
432 496 -0.0717  2.9195 71.7179
464 496  0.0000  0.0000 65.2529
496 496  0.0192  2.9132 59.5975
528 496  0.0669  2.9729 62.1511
560 496  0.0288  2.8318 52.9243
592 496  0.1209  2.9930 59.8025
624 496  0.1646  2.9000 59.0189
656 496  0.1025  2.9150 53.1141
688 496  0.1672  2.9885 62.6799
720 496 -0.2862  1.7564 34.2057
752 496 -0.0038  1.2945 49.1582
784 496  0.0671  1.4435 38.0379
816 496 -0.0336  0.9018 38.3241
848 496  0.0000  0.0000 68.3269
880 496 -0.0672  0.0694 50.1082
912 496  0.1193     NaN  8.6055
944 496 -0.0257     NaN 37.8674
976 496  0.0104     NaN 14.3494
 16 528  0.1353  0.2010 63.0118
 48 528  0.0845  0.0189 51.3758
 80 528  0.0899  0.1690 51.6864
112 528 -0.0591  0.4904 65.0153
144 528 -0.1651  0.6508 32.9986
176 528 -0.1159  0.8619 47.9769
208 528 -0.2092  1.5475 42.7276
240 528 -0.1831  1.9514 43.0256
272 528 -0.2512  2.0014 43.9887
304 528 -0.3313  2.2341 31.4057
336 528 -0.2585  2.7708 49.9427
368 528 -0.0344  2.9020 62.1227
400 528 -0.0933  2.9439 56.9243
432 528 -0.1391  3.0253 44.4395
464 528  0.0165  2.9366 69.0461
496 528  0.1586  3.0235 69.1540
528 528  0.1646  2.9418 60.0840
560 528  0.1242  2.9336 60.9948
592 528  0.0663  2.9355 66.7046
624 528 -0.0272  2.7621 53.1863
656 528 -0.0703  2.8911 62.6467
688 528  0.1301  2.8485 53.4562
720 528 -0.0474  2.0825 32.7717
752 528 -0.1302  1.0218 56.4890
784 528  0.2485  1.8789 45.8242
816 528 -0.1642  0.8868 57.7189
848 528  0.0000  0.0000 56.2455
880 528 -0.0382  0.1087 107.8947
912 528  0.1965     NaN 10.0878
944 528  0.0493     NaN 10.9876
976 528  0.0136     NaN 14.5710
 16 560 -0.0296  0.0721 37.5700
 48 560  0.0129  0.1806 63.0176
 80 560  0.0782  0.2832 42.4516
112 560 -0.0145  0.3630 58.0617
144 560  0.0260  0.8218 39.8835
176 560 -0.0010  0.9902 78.9381
208 560 -0.0849  0.9073 76.7125
240 560  0.1157  1.4502 27.3369
272 560 -0.0362  2.3924 38.0230
304 560 -0.2008  2.6428 47.4052
336 560 -0.0457  2.3911 49.9368
368 560 -0.1483  2.8869 30.2906
400 560 -0.1214  2.9732 42.0990
432 560  0.0025  3.0838 38.9802
464 560  0.0161  3.1289 59.2529
496 560  0.0027  2.9647 60.0587
528 560  0.0081  2.7572 64.6497
560 560  0.0669  2.9641 52.8922
592 560 -0.0167  3.0156 53.4954
624 560 -0.0304  2.7417 47.0423
656 560  0.0636  2.7552 51.9523
688 560  0.0412  2.8778 33.7946
720 560  0.1164  2.0899 43.1058
752 560  0.3177  1.6297 46.2027
784 560 -0.1183  2.0324 57.5961
816 560  0.1843  0.8735 52.3038
848 560 -0.0283  0.1533 62.7612
880 560 -0.0750  0.1372 76.5969
912 560 -0.2535  0.0369 54.7187
944 560 -0.0641     NaN 10.8760
976 560  0.0095     NaN 14.4594
 16 592  0.0493  0.0085 34.8646
 48 592  0.0359  0.0995 22.3489
 80 592  0.0780  0.2132 40.4932
112 592  0.1271  0.2177 45.3599
144 592 -0.0448  0.8029 42.5697
176 592 -0.1505  1.0348 58.4114
208 592 -0.0284  0.7065 70.2411
240 592  0.2738  1.0558 42.0800
272 592  0.0111  2.4462 26.8252
304 592 -0.1470  2.7742 54.8445
336 592 -0.2087  2.7925 51.5462
368 592 -0.1396  2.9427 55.2799
400 592 -0.0824  3.0195 61.0397
432 592  0.0131  2.9361 45.6384
464 592  0.0181  3.0000 53.1521
496 592 -0.0878  2.9358 64.2867
528 592 -0.0916  2.8351 64.4440
560 592  0.0943  3.0063 52.0082
592 592  0.0748  2.9454 43.1414
624 592  0.0576  2.8352 47.0993
656 592  0.0467  2.9415 67.9575
688 592  0.1740  2.9587 34.6129
720 592  0.3805  2.7141 44.5100
752 592  0.2944  2.5435 25.4091
784 592  0.3024  1.4694 35.0716
816 592  0.1835  1.0039 29.4594
848 592 -0.1743  0.1552 50.3708
880 592  0.0183  0.0125 62.1589
912 592 -0.0028  0.0474 40.1498
944 592 -0.0911 -0.0216 38.7129
976 592 -0.0132     NaN 15.2377
 16 624  0.0323 -0.0685 29.3754
 48 624  0.0975  0.0675 21.1532
 80 624  0.0354  0.6622 44.2310
112 624  0.0248  0.7091 57.3096
144 624  0.1073  0.7264 40.9783
176 624  0.0099  1.0605 59.7860
208 624  0.1337  0.7199 56.7181
240 624 -0.7455  1.7352 36.9338
272 624 -0.3664  2.6847 45.1104
304 624 -0.2265  2.2370 30.5102
336 624  0.0140  2.8444 54.9360
368 624 -0.1064  2.8611 46.1366
400 624 -0.2318  2.8796 56.5901
432 624 -0.0823  2.8176 53.0373
464 624 -0.0629  2.8931 56.5842
496 624 -0.0624  2.8924 48.2756
528 624 -0.0400  3.0328 64.5647
560 624 -0.0380  2.9871 56.9293
592 624  0.1039  2.9328 53.1107
624 624  0.1359  2.8540 52.9941
656 624  0.0999  3.0588 59.6697
688 624  0.0997  2.9032 68.7207
720 624  0.2881  2.3939 43.7678
752 624  0.4559  1.6248 46.1785
784 624  0.7780  1.4766 40.7133
816 624  0.1982  0.9482 60.3090
848 624 -0.0927  0.2645 50.6192
880 624  0.0658  0.0644 44.0972
912 624  0.0030 -0.0569 87.4411
944 624 -0.0243 -0.0616 68.1911
976 624 -0.0037     NaN 14.1057
 16 656  0.1951 -0.0900 50.7794
 48 656  0.1240  0.0586 76.1288
 80 656  0.1827  0.4155 47.3221
112 656 -0.0224  0.8917 58.4935
144 656  0.0155  0.7364 44.5968
176 656 -0.0125  1.1100 71.9487
208 656  0.0846  0.9837 87.4549
240 656  0.0092  1.3994 46.8572
272 656 -0.0097  2.1356 48.5851
304 656 -0.1657  2.2792 40.1632
336 656 -0.0950  2.8232 24.3751
368 656 -0.1607  3.0214 55.3933
400 656  0.0204  2.8232 45.6157
432 656 -0.0995  2.7392 63.2889
464 656 -0.0728  2.9902 56.7483
496 656 -0.0541  2.8973 63.8970
528 656  0.0826  2.9507 45.4311
560 656  0.0943  2.9856 85.4936
592 656 -0.0070  2.8439 62.5685
624 656  0.1066  2.8707 47.9637
656 656  0.0000  0.0000 63.5801
688 656  0.1227  2.8191 50.4785
720 656  0.0309  2.0389 37.4704
752 656  0.0902  1.0627 31.7084
784 656  0.1891  1.1249 50.4418
816 656 -0.0693  1.0016 54.2683
848 656  0.0491  0.2101 46.1605
880 656  0.1023  0.1546 23.2908
912 656 -0.0234 -0.0156 84.6639
944 656 -0.0133 -0.0604 45.1200
976 656  0.0080     NaN 14.3859
 16 688  0.0486  0.0004 34.0996
 48 688 -0.1135  0.2089 47.2005
 80 688 -0.1910  0.7295 65.4949
112 688 -0.0484  0.8217 61.3336
144 688 -0.0017  0.5542 38.6371
176 688  0.0093  0.9606 53.4131
208 688 -0.0382  1.0759 57.6114
240 688  0.0955  1.2344 58.6690
272 688  0.0875  2.2284 29.9981
304 688  0.1545  2.3308 40.0683
336 688 -0.2863  2.5576 47.9220
368 688 -0.1669  2.7823 67.4487
400 688 -0.0766  2.9526 50.5104
432 688 -0.1395  2.6044 57.7870
464 688 -0.2618  2.6156 44.2531
496 688 -0.0623  2.8096 55.5466
528 688  0.0298  2.7748 51.0051
560 688  0.0372  2.7965 66.5304
592 688  0.0898  2.6002 60.7787
624 688  0.1669  2.7354 47.3176
656 688  0.1857  2.7979 56.7473
688 688  0.0000  0.0000 36.1574
720 688 -0.0608  1.9647 32.5525
752 688  0.0177  0.9528 35.0566
784 688 -0.0798  0.8755 58.2420
816 688  0.0791  0.7741 61.0578
848 688  0.3397  0.3077 44.4480
880 688 -0.0722  0.0917 77.5986
912 688 -0.0883  0.0582 38.8453
944 688  0.0939     NaN 10.1109
976 688 -0.0124     NaN 13.8233
 16 720 -0.0150  0.1328 23.6792
 48 720  0.0670  0.2384 108.1414
 80 720 -0.2268  0.6179 45.8753
112 720 -0.0841  0.8566 70.0840
144 720 -0.2464  0.9595 50.0074
176 720  0.0037  0.9978 53.0699
208 720  0.2468  1.0045 50.4007
240 720  0.2272  1.2287 40.3189
272 720 -0.0725  2.2804 28.7243
304 720 -0.3580  2.6169 59.2483
336 720 -0.1813  2.5063 45.7684
368 720  0.0832  2.4470 46.3610
400 720 -0.1801  2.6741 43.4985
432 720 -0.0807  2.6100 46.3541
464 720 -0.0337  2.4191 50.7487
496 720  0.0395  2.4279 45.7291
528 720 -0.0089  2.4787 58.0972
560 720  0.0620  2.9198 57.6001
592 720  0.1601  2.5997 42.2015
624 720  0.1436  2.2896 50.8808
656 720  0.1064  2.6386 57.7101
688 720  0.2312  2.5504 30.6045
720 720  0.1590  1.8116 38.0113
752 720 -0.0018  0.6686 52.5654
784 720  0.0229  0.9927 61.9334
816 720 -0.0606  0.7201 61.6703
848 720 -0.1848  0.2913 66.6229
880 720  0.0219  0.2635 48.7027
912 720 -0.1469  0.1937 58.1742
944 720 -0.0259     NaN 11.3576
976 720  0.0138     NaN 15.3688
 16 752 -0.1634  0.2536 22.9644
 48 752  0.0298  0.1113 134.4737
 80 752  0.0068  0.3340 54.8919
112 752 -0.0045  0.7170 46.4955
144 752 -0.1405  0.8156 45.4679
176 752 -0.0013  0.9361 47.5547
208 752  0.0140  1.2265 32.0791
240 752 -0.1824  2.0151 38.5729
272 752 -0.6743  2.4029 34.4684
304 752 -0.1955  2.1615 38.1549
336 752 -0.2032  2.5228 50.5700
368 752 -0.2348  2.6205 43.7236
400 752 -0.2353  2.3878 44.6687
432 752  0.0550  2.4244 46.0336
464 752 -0.0754  2.3695 52.6786
496 752  0.0373  2.5416 52.0026
528 752  0.2363  2.3700 52.9179
560 752  0.1272  2.6869 58.9303
592 752  0.1132  2.6546 60.0588
624 752  0.0143  2.5727 50.3314
656 752  0.1412  2.7788 54.1337
688 752  0.0264  2.3245 37.5032
720 752  0.0453  1.8554 53.4549
752 752  0.0166  0.7681 31.7745
784 752  0.0433  0.8209 56.4072
816 752 -0.0483  0.9028 78.4057
848 752  0.1129  0.1985 63.7910
880 752 -0.1089  0.0891 55.1430
912 752  0.1394  0.1986 44.5375
944 752 -0.1193 -0.0093 72.4774
976 752 -0.0053     NaN 14.4463
 16 784 -0.0396  0.0590 53.5026
 48 784 -0.0286  0.4090 34.0881
 80 784 -0.2346  0.4846 37.6836
112 784 -0.4450  0.7276 42.8311
144 784 -0.1762  0.9566 53.1568
176 784 -0.1179  1.3648 38.3865
208 784 -0.0149  1.7452 40.4503
240 784 -0.4841  2.0626 45.4757
272 784 -0.3872  2.2605 35.3500
304 784 -0.1888  1.9295 55.0694
336 784 -0.2265  2.6266 35.8917
368 784  0.0085  2.6802 34.2488
400 784 -0.3331  2.2665 35.2128
432 784 -0.1128  2.3770 39.9430
464 784  0.0318  2.4086 51.0272
496 784  0.1117  2.4337 53.8717
528 784  0.1572  2.1974 56.9167
560 784  0.1244  2.6395 51.1361
592 784  0.2767  2.7449 55.3713
624 784  0.1483  2.5035 55.9260
656 784  0.0910  2.7993 55.6309
688 784  0.2129  2.1058 36.1551
720 784  0.1826  1.2801 33.3526
752 784  0.1123  0.7822 56.0515
784 784  0.1695  0.6661 59.4743
816 784  0.1419  0.5818 62.3693
848 784  0.3349  0.6673 52.3838
880 784  0.1822  0.2502 63.3070
912 784  0.0508  0.0366 76.1270
944 784 -0.0094  0.0863 42.4416
976 784  0.0003     NaN 14.3316
 16 816 -0.1159  0.2193 32.7203
 48 816 -0.0493  0.1148 49.8011
 80 816 -0.3205  0.5424 46.1840
112 816  0.0277  0.4613 38.9180
144 816 -0.0003  0.5661 35.3201
176 816 -0.1200  1.8093 64.1424
208 816 -0.3783  1.8196 39.5523
240 816 -0.0689  1.7675 43.2949
272 816 -0.2449  2.1057 43.1822
304 816 -0.4022  2.0522 31.7371
336 816 -0.1925  2.3199 38.8884
368 816 -0.1416  2.2660 43.7330
400 816  0.0493  2.1217 56.7237
432 816 -0.0026  2.1786 55.4241
464 816 -0.1334  2.2194 53.9648
496 816  0.0047  2.1430 55.4388
528 816 -0.0026  2.1141 70.4353
560 816  0.3204  2.2673 51.1238
592 816  0.3877  2.3935 55.6131
624 816  0.2532  2.4174 46.7272
656 816  0.6349  2.0984 35.5757
688 816  0.4139  2.0847 35.0697
720 816  0.6430  1.0113 47.1946
752 816  0.6048  0.5528 31.5550
784 816  0.2213  0.1590 64.9974
816 816  0.6695  0.3345 39.5870
848 816 -0.0108  0.7037 45.2010
880 816  0.4033  0.2746 40.7766
912 816  0.0901  0.0622 61.8778
944 816  0.0562  0.0910 51.2672
976 816  0.0118     NaN 18.7738
 16 848 -0.8884  0.6291 53.2745
 48 848 -0.4492  0.3488 40.9955
 80 848 -0.2762  0.5420 45.4635
112 848 -0.1956  0.1234 35.8594
144 848 -0.7116  0.4969 38.9760
176 848 -0.9418  1.3023 50.3576
208 848 -0.8054  1.7570 41.8279
240 848 -0.6737  1.3750 42.2684
272 848 -0.9226  2.0261 47.7612
304 848 -0.3998  1.9372 34.1696
336 848 -0.6434  2.4346 48.9617
368 848 -0.3122  1.9150 38.2080
400 848 -0.1484  2.2568 45.9343
432 848 -0.1084  1.8774 56.6264
464 848 -0.2421  1.8118 47.4117
496 848 -0.0214  1.9711 55.9610
528 848 -0.0288  2.0402 60.3906
560 848  0.2386  2.1035 60.3337
592 848  0.2194  2.1269 55.6598
624 848  0.5576  2.0118 44.5200
656 848  0.5406  1.6959 39.3800
688 848  0.6573  1.6449 46.7981
720 848  1.0315  1.3972 45.2150
752 848  0.5931  0.8113 51.1647
784 848  0.3037  0.4488 42.3093
816 848  0.4433  0.4841 50.3509
848 848  0.3600  0.3868 36.1664
880 848  0.8129  0.1899 42.3810
912 848  0.2689  0.4855 47.4252
944 848  0.0404 -0.0016 39.6963
976 848  0.0322 -0.0819 23.4363
 16 880 -0.9270  0.3085 35.7638
 48 880 -0.6117  0.3910 29.9811
 80 880 -0.8659  0.6788 40.1992
112 880 -1.1485  0.1994 30.1243
144 880 -1.8432  0.7738 34.5015
176 880 -1.5775  1.3646 25.9838
208 880 -1.2588  1.8499 42.3474
240 880 -1.1261  1.8762 26.8121
272 880 -0.8347  1.9652 30.0753
304 880 -0.8164  2.1529 50.9059
336 880 -0.7962  1.8981 45.5661
368 880 -0.8788  1.9366 39.1701
400 880 -0.3132  2.0024 40.1321
432 880 -0.3428  1.8455 54.4429
464 880 -0.2485  1.2292 48.7305
496 880  0.0005  1.3473 55.8419
528 880  0.0194  1.8044 56.0481
560 880  0.1216  2.0457 46.8073
592 880  0.2453  2.0250 51.7963
624 880  0.7969  1.7854 49.9203
656 880  0.9032  1.3105 38.3142
688 880  1.0275  1.2738 30.5349
720 880  1.2450  1.0448 49.7827
752 880  0.7597  0.8213 52.5276
784 880  0.9566  0.8492 34.3228
816 880  1.0851  0.7734 38.2236
848 880  1.0457  0.2943 36.9936
880 880  0.7999  0.7630 66.9909
912 880  0.8690  0.6283 48.9419
944 880  0.7230  0.2784 53.5659
976 880  0.2731 -0.1096 57.7995
 16 912 -1.5472  0.7453 30.5359
 48 912 -1.4435  0.8927 42.4054
 80 912 -1.1851  0.6354 25.7812
112 912 -1.6901  0.3033 42.2597
144 912 -1.6672  0.7917 38.3903
176 912 -1.3261  1.0211 46.5426
208 912 -1.4683  1.4731 35.6263
240 912 -1.2796  1.5895 33.1100
272 912 -1.0328  1.7114 35.2857
304 912 -0.9363  1.6564 39.3567
336 912 -0.8349  1.6065 40.2781
368 912 -0.7091  1.5044 38.2453
400 912 -0.3406  1.3038 34.7282
432 912 -0.0353  0.3654 54.5017
464 912 -0.0717  1.0943 57.0665
496 912 -0.1973  0.9905 46.3625
528 912  0.0891  0.9047 41.8628
560 912  0.2480  1.5948 44.2606
592 912  0.4834  1.7067 53.6896
624 912  0.6344  1.2413 42.3581
656 912  1.0310  1.2767 52.0298
688 912  1.0343  1.1077 63.3997
720 912  1.3758  1.0185 39.7248
752 912  1.6283  0.9573 31.2981
784 912  1.3530  0.9326 36.4269
816 912  1.7425  0.3572 28.6255
848 912  1.5847  0.1846 33.1974
880 912  1.9356  0.3827 39.2426
912 912  1.5221  0.2962 32.3875
944 912  1.3559  0.3955 60.4470
976 912  0.0000  0.0000 65.8623
 16 944 -1.7399  0.6038 32.5716
 48 944 -1.9191  0.8470 37.5324
 80 944 -1.9158  0.4436 40.7915
112 944 -1.8754  0.1292 41.7100
144 944 -1.8532  0.3583 50.9672
176 944 -2.1375  0.4029 35.8029
208 944 -1.8759  1.0102 42.8117
240 944 -1.3348  1.0602 36.6573
272 944 -0.9843  1.3830 41.7823
304 944 -1.1160  1.1822 45.8424
336 944 -0.8020  1.0984 49.6493
368 944 -0.7396  0.8993 52.1034
400 944 -0.5810  0.8868 43.1126
432 944 -0.2156  1.0977 37.9687
464 944 -0.1108  1.0029 53.3518
496 944  0.0315  0.9526 45.5561
528 944  0.0383  0.8568 45.7747
560 944  0.3912  1.0530 44.6441
592 944  0.4116  1.1723 52.2927
624 944  0.7714  1.1886 35.3072
656 944  0.8505  0.9754 59.4120
688 944  1.1605  0.8020 52.0118
720 944  1.7273  0.6403 52.9929
752 944  1.8002  0.8499 71.7002
784 944  1.9318  0.7998 45.4815
816 944  2.0973  0.1519 59.7854
848 944  2.2344  0.1669 62.1828
880 944  2.1487  0.2916 33.9342
912 944  2.0055  0.2910 47.3141
944 944  1.7460  0.2052 51.5553
976 944  1.7834  0.0959 52.8222
 16 976  0.0000  0.0000 35.1109
 48 976  0.0000  0.0000 26.4663
 80 976 -2.2232  0.0375 41.4575
112 976 -2.1775 -0.1012 49.9798
144 976 -2.3317  0.1211 43.1448
176 976 -2.0692  0.5142 33.5042
208 976 -1.8809  0.6312 38.8049
240 976 -1.7043  0.6580 38.6391
272 976 -1.2560  0.6564 45.7017
304 976 -1.1005  0.8854 48.1846
336 976 -0.8698  0.7640 37.7270
368 976 -0.3586  0.5329 34.9812
400 976 -0.2634  0.5827 35.9733
432 976 -0.7290  0.5806 41.2383
464 976  0.1330  0.6983 46.4518
496 976  0.0345  0.3594 45.4697
528 976  0.2064  0.1472 51.8272
560 976  0.3466  0.4561 47.1864
592 976  0.8249  0.4841 48.7150
624 976  1.2136  0.3958 45.4083
656 976  1.4017  0.2280 37.5455
688 976  1.4216  0.3053 51.9491
720 976  1.4908  0.2647 46.2182
752 976  1.6612  0.5682 45.2835
784 976  1.9595  0.5928 44.3864
816 976  2.2701  0.2148 47.1802
848 976  2.3253 -0.0232 50.4779
880 976  2.3371  0.1571 51.8412
912 976  2.5437  0.1867 39.8152
944 976  0.0000  0.0000 30.6140
976 976  0.0000  0.0000 56.8776
 16 1008 -0.3904  0.1500 13.2219
 48 1008 -0.0701 -0.0854 33.7103
 80 1008 -0.2706  0.0060 14.2876
112 1008 -1.1295 -0.0361 12.4584
144 1008  0.0326  0.0024 18.6567
176 1008  0.0185 -0.0623 17.7905
208 1008 -0.3001 -0.0427 13.1530
240 1008 -0.0458  0.0090 12.9102
272 1008 -0.1430 -0.0300 15.0132
304 1008  0.0107 -0.0120 13.6534
336 1008 -0.2193  0.0338 14.8718
368 1008 -0.1101 -0.0386 15.1280
400 1008 -0.0479 -0.0001 14.8618
432 1008 -0.0224  0.0292 16.2665
464 1008 -0.0359 -0.0167 13.9783
496 1008 -0.0660 -0.0332 19.4936
528 1008 -0.0320  0.0067 20.9682
560 1008  0.0061 -0.0039 20.9670
592 1008  0.0239 -0.0263 22.2572
624 1008  0.0394  0.0194 22.5973
656 1008  0.0747  0.0165 21.4433
688 1008 -0.0067 -0.0029 19.8646
720 1008  0.1219 -0.0758 18.2517
752 1008 -0.0470 -0.0566 16.9564
784 1008  0.1067  0.0108 22.8520
816 1008 -0.0234 -0.0681 18.1642
848 1008 -0.1652 -0.0306 25.1260
880 1008 -0.2316 -0.0267 24.5730
912 1008  0.0516  0.0164 13.8388
944 1008 -0.1135 -0.0406 24.1854
976 1008  0.0420 -0.0119 20.3462
