 16  16 -0.1368 -0.5111 56.0858
 48  16 -0.0419 -0.5040 59.6824
 80  16 -0.1375 -0.4988 57.6905
112  16 -0.0125 -0.5117 54.8637
144  16 -0.0727 -0.2343 62.1896
176  16 -0.1520 -0.1631 60.7267
208  16  0.0008 -0.4086 61.0929
240  16 -0.0278 -0.4711 62.9927
272  16  0.0045  0.3477 61.2113
304  16  0.0338  0.9990 62.7216
336  16  0.0314  0.1226 62.8834
368  16  0.6301 -0.6039 60.6200
400  16  2.1336 -0.7091 57.1808
432  16  1.9529  0.0000 62.0299
464  16  1.7821 -4.2138 44.1609
496  16  0.6268 -6.0523 24.9811
528  16  0.3539  0.0000 36.0225
560  16  0.1413 -0.6188 29.7357
592  16  0.1089 -0.7761 41.3272
624  16 -0.0925 -0.3049 63.2911
656  16 -0.1388 -0.0740 76.0696
688  16 -0.1184 -0.1929 84.4418
720  16 -0.0750 -0.3264 64.3729
752  16 -0.0933 -0.3197 71.6965
784  16  0.0477 -0.1522 75.3211
816  16 -0.1031 -0.1753 89.1062
848  16  0.0160 -0.3234 66.6939
880  16 -0.0689 -0.2237 70.7784
912  16 -0.0398 -0.0444 73.8881
944  16 -0.0217 -0.0281 82.5267
976  16  0.0161 -0.0040 69.1298
 16  48 -0.2944 -0.0445 14.4837
 48  48 -0.3672  0.0381 14.9965
 80  48 -0.3999  0.3011 26.4509
112  48 -0.3080  0.4767 14.8961
144  48 -0.5337 -0.0029 18.6737
176  48 -0.0509  0.0689 16.2984
208  48  0.0427  0.1091 20.8937
240  48  0.0728 -0.0075 33.0527
272  48  0.2120 -0.0024 14.3619
304  48  0.1527 -0.0932 31.0821
336  48  0.0093 -0.7397 13.9613
368  48 -0.1359 -3.2664 16.7547
400  48  0.2651 -5.4048 37.3462
432  48  0.8497 -5.9657 16.8360
464  48  0.3286 -6.8105 19.3803
496  48  0.2372 -6.4497 54.1788
528  48 -0.1334 -6.6618 15.6326
560  48  0.1169 -4.2995 33.2934
592  48  0.1594 -0.2626 53.4392
624  48 -0.4003 -0.2676 26.9547
656  48 -0.2129 -0.0112 115.2519
688  48 -0.3110 -0.0058 89.8118
720  48 -0.1643  0.0101 99.2053
752  48 -0.2503  0.0736 77.2954
784  48 -0.0268  0.0167 94.4726
816  48 -0.0558 -0.0787 130.7314
848  48 -0.0588  0.0159 96.3252
880  48 -0.0515  0.0158 114.5895
912  48 -0.0938 -0.0001 107.5459
944  48  0.0141  0.0032 100.3270
976  48  0.0664  0.0348 79.3588
 16  80 -0.3522  0.1395 118.2723
 48  80 -0.6480 -0.1199 69.6826
 80  80 -0.2623  0.0318 81.3114
112  80 -0.2437  0.3124 46.6393
144  80 -0.1534  0.1834 43.7511
176  80 -0.1180  0.0789 35.9478
208  80  0.0448  0.0180 61.9542
240  80  0.0959 -0.0722 86.3558
272  80  0.2204  0.0734 34.0672
304  80  0.2640  0.0236 32.6467
336  80  0.0969  0.3328 17.3584
368  80  0.1700 -3.6357 15.1507
400  80  0.1668 -5.8378 14.0988
432  80 -0.0266 -5.8714 22.9123
464  80  0.1629 -6.0144 23.3536
496  80  0.9628 -6.3024 42.6726
528  80  0.3714 -6.3301 19.2349
560  80 -0.0645 -1.2510 13.8377
592  80 -0.8544  0.2960 12.8763
624  80 -0.1606  0.2277 87.9405
656  80 -0.0040  0.1948 15.0622
688  80  0.0684 -0.0775 11.8029
720  80 -0.5401  0.5711 10.7671
752  80 -1.0358  0.1917 14.1381
784  80 -0.7757  0.2388 10.2736
816  80  0.0087  0.1462 47.3710
848  80 -0.6109 -0.0617 11.3033
880  80 -0.0209  0.0126 51.8422
912  80  0.0605 -0.1173 14.2762
944  80 -0.0054  0.0290 25.1237
976  80 -0.0144  0.0017 54.5963
 16 112 -0.0479 -0.0195 35.1741
 48 112 -0.0206 -0.0219 32.7032
 80 112 -0.1527  0.0317 23.4243
112 112 -0.0396  0.0386 23.2463
144 112  0.0850  0.1100 25.2572
176 112 -0.0099  0.0662 19.3366
208 112  0.1039 -0.0450 22.3866
240 112  0.0014  0.0082 24.9367
272 112  0.0684 -0.0067 24.2644
304 112  0.0788 -0.0463 28.1163
336 112  0.1040  0.0052 23.0310
368 112  0.1400 -0.4099 33.3009
400 112  0.4148 -5.9015 57.1402
432 112  0.4455  0.0000 25.1988
464 112  0.3920 -6.3087 62.0341
496 112  0.0079 -6.2300 34.8731
528 112  0.3027  0.0000 44.9310
560 112  0.1029 -1.1424 53.3519
592 112 -0.0407  0.0197 19.0368
624 112 -0.0798  0.0429 15.1859
656 112  0.0515  0.0319 15.4532
688 112  0.0325  0.0496 16.3129
720 112  0.2195 -0.0124 17.6492
752 112  0.0493 -0.1258 20.3821
784 112 -0.0026  0.0360 17.8802
816 112  0.0115  0.0866 17.4799
848 112 -0.2101 -0.0196 24.9836
880 112  0.0799  0.0169 17.6866
912 112  0.0079 -0.0034 14.8691
944 112  0.1084 -0.0715 16.5947
976 112 -0.0477  0.0695 22.1358
 16 144  0.1014  0.1187 16.2341
 48 144  1.6207 -0.0025 16.6840
 80 144  0.0032 -0.0065 14.7912
112 144 -0.0414  0.0291 13.2176
144 144 -0.5768 -0.0418 12.8620
176 144 -0.1018  0.0348 13.1065
208 144  0.0176 -0.0281 12.6185
240 144 -1.2196  0.1000 12.3476
272 144 -0.1973  0.0713 12.2751
304 144 -0.2435 -0.0370 12.1334
336 144 -0.0187 -0.0191 68.6146
368 144  0.5946 -4.6050 38.7106
400 144  0.2923 -6.0606 66.7125
432 144  0.4286 -6.2453 54.2428
464 144  0.3320 -6.3955 34.4399
496 144  0.1282 -6.4265 52.9211
528 144  0.1118 -6.2076 50.9074
560 144 -0.0791 -5.2916 35.2621
592 144 -0.0161 -0.1239 58.1076
624 144 -0.0474  0.1042 13.6416
656 144 -0.1127  0.0728 12.6061
688 144  0.7669  0.0127 11.8451
720 144 -0.8098  0.0415 12.0602
752 144  0.1546  0.0462 11.5242
784 144  0.2291  0.0592 12.2557
816 144  0.3568  0.0693 11.5128
848 144  0.1146 -0.0248 12.2153
880 144  0.0672  0.0448 11.7829
912 144 -0.0035  0.0044 11.8002
944 144  0.0209  0.0390 12.2206
976 144  0.0823  0.0332 12.2013
 16 176  0.0657  0.0518 11.8073
 48 176 -0.0704 -0.0708 11.8601
 80 176  0.0575 -0.0078 11.6532
112 176 -0.2713  0.0238 11.3032
144 176 -0.1639  0.0710 11.6850
176 176  0.8488 -0.0723 10.9805
208 176  0.7495 -0.0441 11.2650
240 176  0.8510  0.0864 11.1374
272 176  0.9056  0.0705 11.1691
304 176  1.9597  0.0942 11.9175
336 176  0.0260 -0.5486 25.8600
368 176  0.5424 -3.9213 45.0852
400 176  0.4248 -6.0065 61.3796
432 176  0.3081 -5.9041 53.9242
464 176  0.2097 -6.1860 63.8596
496 176  0.1230 -6.1788 61.2858
528 176 -0.0544 -6.0533 53.1820
560 176 -0.0794 -4.8349 41.0512
592 176 -0.0386 -0.3263 46.3041
624 176  0.0077  0.2542 11.8337
656 176 -0.1521  0.0414 11.1844
688 176  0.1557 -0.0113 11.0130
720 176 -0.0379  0.0604 11.3711
752 176 -0.0935  0.0480 11.0542
784 176 -0.5478  0.0794 10.7451
816 176 -0.0717 -0.0003 11.1502
848 176 -0.0386  0.0213 11.0619
880 176 -0.0442  0.0378 11.0287
912 176 -0.0813 -0.0262 11.3751
944 176  0.0112  0.0255 11.6913
976 176  0.0254  0.0015 11.5312
 16 208  0.1505 -0.0150 13.2475
 48 208 -0.3087  0.0050 11.9659
 80 208  0.0568 -0.0762 12.9796
112 208 -1.9296  0.3308 12.8134
144 208  2.5199 -0.0928 13.5481
176 208 -1.2220  0.0669 14.8396
208 208 -0.7517  0.0317 14.4283
240 208  0.3068  0.3116 12.5843
272 208  0.6154  0.1233 12.1731
304 208  0.0853 -0.5746 13.5507
336 208  0.3190 -0.0043 32.4861
368 208  0.4942 -4.5513 64.1582
400 208  0.3782 -5.7814 68.0593
432 208  0.3014 -5.7903 63.5321
464 208  0.1956 -6.2238 63.0791
496 208  0.1473 -6.0392 66.9957
528 208 -0.1031 -5.9369 60.2651
560 208 -0.1631 -5.1185 41.1029
592 208 -0.1309 -0.1697 38.9426
624 208 -0.0094  0.0553 13.3647
656 208 -0.0818  0.0296 15.6610
688 208 -0.1227  0.0517 15.5305
720 208 -0.0582  0.0386 16.4917
752 208 -0.0710  0.0018 15.3011
784 208 -0.0537  0.0512 13.3608
816 208 -0.6954  0.0882 12.0174
848 208  1.0768  0.1054 12.4050
880 208 -1.0707 -0.0015 12.3762
912 208 -0.0265  0.0542 12.5953
944 208 -0.0745  0.0429 13.7401
976 208 -0.0016 -0.0295 13.4436
 16 240 -0.2406 -0.0137 14.9036
 48 240  0.2826 -0.0611 12.6835
 80 240  0.0670  0.0068 12.8875
112 240  0.1110  0.1905 12.4045
144 240 -1.9191  0.1934 12.4831
176 240  4.2735  0.1325 11.7357
208 240  0.0221 -0.0097 12.9479
240 240 -5.3097  0.0000 13.8612
272 240 -4.7531  3.8701 15.0190
304 240  0.2594 -0.3460 13.6561
336 240  0.0254 -0.0117 20.7402
368 240  0.3069 -5.5601 75.5557
400 240  0.2813 -5.5347 38.1075
432 240  0.1832 -5.8603 71.1894
464 240  0.1563 -5.8704 68.7765
496 240 -0.1089 -5.8358 54.2548
528 240 -0.1329 -5.7165 57.6826
560 240 -0.4688 -4.5592 45.2514
592 240 -0.1100 -0.5469 57.9584
624 240 -0.0240 -0.0793 11.5399
656 240 -0.1230 -0.0195 32.0199
688 240 -0.2655 -0.0069 81.5343
720 240 -0.1194 -0.0222 72.8115
752 240 -0.1487  0.0915 76.9271
784 240 -0.2156 -0.1673 45.5401
816 240  0.1220  0.0022 14.3071
848 240 -0.0011  6.8257 14.4756
880 240 11.1940  2.7927  9.8584
912 240  3.3405  0.0000  8.7555
944 240 -0.9055  0.6525 14.2275
976 240  0.1691  0.1021 14.3020
 16 272 -0.2617 -0.0697 17.9437
 48 272 -0.1519  0.1351 21.4164
 80 272 -0.1367 -0.0029 18.1451
112 272  1.6001 -4.8085 15.1973
144 272  6.2698 -9.7901 17.3007
176 272  3.9384 -4.2165 14.2073
208 272 -1.7714  0.0430 15.2611
240 272 -0.1527  0.6595 12.0955
272 272 -3.8909  3.8413 18.3730
304 272 -0.1474 -0.1149 14.5754
336 272  0.9244  0.0000 48.8132
368 272  0.5202 -4.6167 46.4781
400 272  0.2471 -5.5470 68.7655
432 272  0.2226 -5.6538 58.5135
464 272 -0.0269 -5.6300 82.0846
496 272 -0.0185 -5.6305 78.8615
528 272 -0.1427 -5.4943 64.1723
560 272 -0.4999 -5.0466 53.2021
592 272  0.0555 -0.1076 40.2544
624 272  0.0883  0.0308 12.2952
656 272 -0.1212 -0.0163 36.2294
688 272 -0.1538  0.0361 48.1126
720 272 -0.2781 -0.0256 76.6856
752 272 -0.1745 -0.0578 81.9549
784 272 -0.1914  0.0283 54.7837
816 272 -0.1352  0.2157 19.2640
848 272  4.3477 -6.2612 11.9814
880 272  3.7947  0.0000 10.4742
912 272  8.9537  0.1824 11.5800
944 272  1.6983  0.1089 12.9831
976 272  0.0991 -0.1089 14.1211
 16 304  0.3411  1.8158 13.0186
 48 304  0.1565  2.2286 17.5837
 80 304 -4.1806  3.8819 15.9777
112 304 -2.7266 -2.7198 15.5025
144 304 -1.9275 -5.3050 17.4353
176 304  1.2087 -6.7374 12.4555
208 304 -0.2665 -2.8981 15.3870
240 304 -0.1440  0.4598 11.3393
272 304  0.8191  0.0000 15.2867
304 304 -1.6825  0.0540 12.0477
336 304  0.4179  0.0410 42.4220
368 304  0.3580 -5.0454 78.9903
400 304  0.4211 -5.4214 53.9994
432 304  0.2024 -5.5834 71.5158
464 304  0.0089 -5.7251 91.7625
496 304 -0.1178 -5.4212 61.7657
528 304 -0.1336 -5.4255 99.1211
560 304 -0.2788 -4.7624 81.7802
592 304 -0.0004  0.0184 49.4816
624 304 -0.0782 -0.0534 11.5831
656 304 -0.1814 -0.0125 26.6000
688 304 -0.1644 -0.0271 75.6809
720 304 -0.1318  0.0153 55.1547
752 304 -0.1522 -0.0748 78.8384
784 304 -0.2038 -0.0433 28.1073
816 304  0.0055  2.1818 18.8289
848 304 -0.1278  0.0000 12.6327
880 304  1.0855  0.0000 16.2235
912 304 -0.0545 -1.8249 12.8383
944 304  0.6049  0.0085 11.8860
976 304  0.1830  0.0300 13.5591
 16 336 -0.9578  4.1635 15.4752
 48 336 -0.6924  0.2215 18.9681
 80 336 -0.7422 -0.0196 27.3143
112 336 -1.9334  1.4990 22.9231
144 336 -0.1511 -0.3615 18.0770
176 336  0.9486 -1.8283 16.5076
208 336  0.2618 -1.7094 17.1823
240 336  0.1768  0.4439 11.9374
272 336 -5.1265  3.1165 16.4891
304 336  0.0172 -1.1383 13.5925
336 336  0.1058 -2.0092 48.4561
368 336  0.4501 -4.8042 65.2258
400 336  0.2392 -5.1595 87.0925
432 336  0.1533 -5.2775 85.2847
464 336  0.0794 -5.3792 88.5430
496 336 -0.0865 -5.2029 77.5454
528 336 -0.1856 -5.1233 57.7965
560 336 -0.2591 -4.9661 79.3576
592 336  0.0019 -0.2582 56.7489
624 336 -0.0129 -0.4225 12.3631
656 336 -0.0984 -0.0886 54.0166
688 336 -0.0696 -0.1000 64.6661
720 336 -0.1236 -0.0870 39.0707
752 336 -0.2050 -0.0741 36.3581
784 336  0.1327 -0.2184 23.9774
816 336 -2.9153 -0.7377 14.1448
848 336 -1.4865  0.0551 12.5411
880 336  0.2036 -1.1805 12.2791
912 336  0.1317 -1.3930 13.6451
944 336  3.1920  0.6175 21.2354
976 336 -0.8649  5.1076 17.3306
 16 368  6.2897 -0.1246 13.4014
 48 368 -0.2422  0.9191 25.5650
 80 368 -0.6713 -1.1024 20.0745
112 368 -0.8669 -0.7620 18.7446
144 368 -0.4119 -0.1067 16.8043
176 368  0.7893 -0.0348 15.1704
208 368  3.9467  0.0853 20.4131
240 368 -0.0417  0.0162 14.0142
272 368  0.0883 -0.6491 18.7904
304 368  0.0613  1.4611 12.1948
336 368  0.2905 -3.2104 97.9619
368 368  0.4450 -4.8260 73.8903
400 368  0.2419 -5.1156 88.4644
432 368  0.0985 -5.1781 81.2978
464 368  0.0859 -5.2034 98.6447
496 368 -0.0954 -5.2092 74.5851
528 368 -0.1327 -5.1719 69.5574
560 368 -0.3017 -4.8209 62.1973
592 368  0.0955 -0.1635 47.2981
624 368 -0.1206 -2.8481 11.1442
656 368 -0.0016 -0.0620 23.0699
688 368 -0.1989  0.1000 48.7971
720 368  1.0282  1.0573 32.0393
752 368  1.7452 -0.0113 15.9718
784 368  0.9220 -0.0622 11.2659
816 368  0.0238 -1.1604 12.7348
848 368 -1.5031  0.1038 10.7879
880 368 -7.2149 -0.1355 11.5200
912 368  6.7007 -8.2439  9.3208
944 368 -2.1749 -3.7709 17.2623
976 368 -0.3802 -1.1998 17.8424
 16 400 -0.2850  0.3387 17.2152
 48 400  0.0540  0.1549 26.3721
 80 400 -0.3360 -0.6640 16.0486
112 400  0.8935 -2.5619 23.9356
144 400 -0.6280 -0.0674 14.1053
176 400 -0.0290  1.2212 19.9734
208 400 -2.1818  2.6570 15.5707
240 400 -0.2359  0.0583 12.1055
272 400  1.9533 -6.1564 15.7064
304 400  0.0694  0.0369 15.6614
336 400  0.2794 -3.7742 87.7961
368 400  0.2037 -4.7000 65.0735
400 400  0.2425 -4.9336 103.6658
432 400  0.0416 -4.9528 85.3151
464 400  0.0377 -5.0151 82.3123
496 400  0.0361 -5.0039 74.7743
528 400 -0.1181 -5.0604 68.4473
560 400 -0.3033 -4.4932 53.8194
592 400 -0.2293 -2.8079 66.3019
624 400 -0.1906 -1.2406 27.6517
656 400 -0.0063 -0.1197 15.0123
688 400 -0.0186 -0.0353 27.7952
720 400 -0.0753  0.1734 20.4416
752 400 -0.0612  2.6778 14.8667
784 400 -3.0897 -0.9071 14.3429
816 400  0.8693  1.6561 13.5660
848 400 -1.9922 -1.4174 18.0425
880 400  5.7035  0.0000 11.9418
912 400 -0.7575  0.2205 12.0933
944 400  3.6515  2.9262 18.0981
976 400  2.0272  1.9969 19.9900
 16 432 -0.5110 -0.0143 17.6358
 48 432  0.0727 -0.0168 19.9355
 80 432  0.0129  0.0521 22.4396
112 432  0.1044 -0.1278 18.5750
144 432  5.2720 -3.8283 15.6244
176 432  0.5283  0.9995 12.0733
208 432  0.2313  0.0932 22.6037
240 432 -0.0379 -0.8416 11.4363
272 432 -0.1283  1.1878 15.6876
304 432  0.0838 -0.0089 24.1692
336 432  0.3754 -2.2540 57.3848
368 432  0.2449 -4.5896 88.6051
400 432  0.2113 -4.8972 88.8835
432 432  0.0834 -5.0260 86.8404
464 432  0.0576 -4.9886 98.4301
496 432 -0.0564 -4.9421 81.7989
528 432 -0.2561 -4.9749 81.4423
560 432 -0.1756 -4.4469 64.7883
592 432 -0.1881 -2.4418 58.8217
624 432 -0.1160 -0.1538 82.6417
656 432 -0.1015 -0.6441 13.1648
688 432 -0.2224  0.9580 13.3234
720 432  0.1727 -4.1466 14.4797
752 432  0.0557 -1.8779 12.6376
784 432 -3.2061  2.1404 15.9192
816 432  0.1608  1.2412 13.0047
848 432 -0.3530  1.3394 12.4246
880 432 -6.8644 -1.9974 11.3838
912 432 16.1549 -1.2717 11.7746
944 432  1.2186  0.0927 16.4646
976 432 -0.2042 -0.6047 13.1970
 16 464 -0.0381 -0.2019 27.7831
 48 464 -0.0620 -0.1125 18.5309
 80 464  0.1660 -0.1280 17.8685
112 464 -0.4480 -0.2341 19.6260
144 464  5.7106  5.9261 18.9310
176 464 12.8436  2.2855 14.2658
208 464 -0.1964  0.4372 15.3944
240 464  0.1735 -1.5324 11.7932
272 464 -1.7976 -0.4872 14.0168
304 464 -0.1118 -0.0431 23.1327
336 464  0.2449 -3.7982 77.4895
368 464  0.3430 -4.4053 81.9929
400 464  0.2347 -4.6845 79.1553
432 464  0.2673 -4.9265 70.4243
464 464  0.0495 -4.8031 47.4411
496 464 -0.0931 -4.7010 80.0559
528 464 -0.0981 -4.7333 93.9284
560 464 -0.3482 -4.4818 51.3909
592 464 -0.3951 -3.8127 54.3954
624 464 -0.0780 -0.7193 23.7935
656 464  0.0091 -1.2363 11.7252
688 464 -0.0816 -2.7635 11.7717
720 464  1.4880 -1.2218 12.9398
752 464  0.9783 -6.7895 12.5333
784 464 -0.0827 -2.9859 12.5103
816 464  1.0848 -1.7510 14.8956
848 464 -5.4783  0.1284 12.6149
880 464 -12.0866 -5.0718 13.0762
912 464 -5.5159 -2.0907 15.9025
944 464  5.2156 -0.4154 12.0692
976 464  1.1755 -0.1367 14.3814
 16 496  0.1208 -0.1649 24.7432
 48 496 -0.2573 -0.1311 27.3147
 80 496 -0.0680  0.1502 18.3423
112 496  0.2393 -0.3822 18.3829
144 496 -0.4011  1.9366 16.7240
176 496  3.1665 -1.8904 13.9648
208 496  0.8460  2.0394 14.2718
240 496 -0.0984 -1.8603 12.8524
272 496  0.1661 -0.8428 12.8183
304 496  0.0147 -0.1577 21.9910
336 496  0.2820 -3.8372 81.3035
368 496  0.2005 -4.1819 88.6334
400 496  0.2448 -4.7221 67.5288
432 496  0.0097 -4.8077 76.6483
464 496 -0.0852 -4.7196 59.6367
496 496  0.0024 -4.8195 88.8239
528 496 -0.0766 -4.8155 97.7253
560 496 -0.3228 -4.3368 81.1353
592 496 -0.3398 -2.5532 43.0305
624 496 -0.1064 -0.3923 65.8021
656 496  0.0179 -1.1106 11.0056
688 496  0.0274 -3.1373 12.4624
720 496  1.0669 -2.8975 18.4747
752 496 -0.1078 -1.4359 10.4922
784 496 -1.1314 -0.0301 13.7401
816 496  0.3420  1.8266 13.3802
848 496 -0.0016 -2.7014 12.8327
880 496 -3.7541  0.9412 12.7068
912 496 -12.9670  0.1790 11.1076
944 496 -0.2654  3.0073 11.6738
976 496 -1.0307  2.1174 21.5626
 16 528 -0.1600  0.0024 30.1899
 48 528  2.0527 -0.0324 15.3520
 80 528 -0.0521 -0.1123 18.4759
112 528  3.9092 -0.1979 14.1937
144 528 -1.9736 -0.8763 17.4460
176 528 -2.8967 -0.7313 16.3566
208 528  0.0283 -0.0809 12.6374
240 528 -1.7942  0.9707 13.4615
272 528  0.0902 -1.1380 15.6237
304 528  0.1342 -0.3690 20.8209
336 528  0.2554 -3.3517 53.6728
368 528  0.3405 -4.3129 52.5251
400 528  0.1088 -4.4525 71.3930
432 528  0.1594 -4.5133 68.5284
464 528  0.0738 -4.4509 68.5024
496 528  0.0325 -4.6277 73.7534
528 528 -0.1591 -4.6381 76.7824
560 528 -0.2530 -4.3316 59.5296
592 528 -0.2156 -3.5138 68.0049
624 528 -0.0077 -0.1708 71.4665
656 528 -0.0468  0.6874 11.1400
688 528  0.0244 -0.2104 15.4398
720 528 -0.2162 -0.3557 13.9354
752 528 -0.9699  0.0740 11.9934
784 528  0.7154  1.1270 15.0261
816 528 -0.0227 -1.6163 11.6687
848 528 -0.1308  1.3791 12.8591
880 528 -1.7099  1.3415 14.4748
912 528 -0.3838  0.0000  9.8344
944 528  0.0394 -0.2309 16.5061
976 528  0.9988  2.6932 14.6882
 16 560  0.3627  0.2807 22.1845
 48 560  0.2347  0.4372 17.6135
 80 560  1.7463  0.1663 20.9609
112 560  0.1127 -0.1979 19.8775
144 560  2.1081  0.0000 15.2475
176 560  0.9566  2.6655 15.0345
208 560 -0.1432 -1.2292 12.7526
240 560  1.8478  3.6181 14.5777
272 560 -0.0223  0.0000 16.7973
304 560 -0.1162 -0.0205 33.5755
336 560  0.4080 -3.7141 65.1675
368 560  0.1858 -4.0991 88.7615
400 560  0.1233 -4.4592 72.4590
432 560  0.1332 -4.4334 69.7624
464 560  0.1855 -4.5089 46.5665
496 560 -0.0246 -4.7207 81.2230
528 560 -0.1080 -4.5241 61.4883
560 560 -0.2752 -4.2279 68.5606
592 560 -0.2222 -3.6222 81.7001
624 560 -0.0426 -1.6829 95.3847
656 560 -0.0147 -0.1191 15.2426
688 560 -0.1375  0.0265 19.9284
720 560 -0.1794 -0.0506 28.1377
752 560 -0.0084  0.2146 24.9174
784 560 -0.4277  1.9210 14.8675
816 560  0.0680  1.3016 10.8423
848 560 -0.4793 -1.3696 14.1667
880 560  1.1215  0.0000 13.4856
912 560  1.3614 -0.4818 16.2291
944 560  0.4458 -2.6656 15.3997
976 560 -1.1071 -0.9907 13.1500
 16 592 -0.0018  0.0173 24.0887
 48 592  0.0370  2.2760 26.8680
 80 592 -0.1007 -0.1688 20.0762
112 592  0.1370  0.1489 21.4881
144 592 -0.2844  0.0755 15.0433
176 592 -0.1718 -1.3049 15.5875
208 592  0.9078  1.9146 13.5888
240 592 -0.3026  0.3850 15.4707
272 592 -0.6537 -2.3408 15.9051
304 592  0.1236 -2.3456 63.6247
336 592  0.3478 -3.7042 93.5675
368 592  0.3230 -4.1844 101.2266
400 592  0.1512 -4.2473 74.2116
432 592  0.1993 -4.2503 65.5106
464 592 -0.0022 -4.2978 56.1353
496 592 -0.0630 -4.3528 88.5038
528 592 -0.1218 -4.2658 77.7189
560 592 -0.1329 -4.3306 69.4966
592 592 -0.4057 -3.6071 81.6654
624 592 -0.0981 -1.7181 62.8192
656 592  0.0537 -0.1011 11.2571
688 592  0.1085 -0.0076 15.6143
720 592 -0.1180 -0.4949 46.3823
752 592 -0.3455 -0.1171 29.9351
784 592 -2.0249 -1.2472 15.6691
816 592  0.2151  1.4224 12.4432
848 592  0.3012  1.2314 17.6403
880 592  0.0363  1.1255 19.0408
912 592  1.7802 -4.3747 16.5740
944 592 -0.0019 -1.0767 22.0602
976 592 -2.1151 -0.2141 13.9661
 16 624  0.2235  0.4743 17.0085
 48 624  0.2588  0.2145 19.7302
 80 624  1.9110  6.9699 16.5262
112 624 -2.0148  0.0392 16.9305
144 624  0.0487 -0.0902 19.4812
176 624  1.0102 -0.9094 13.4346
208 624 -2.4380  0.2642 13.4770
240 624  1.7005 -5.0168 14.3021
272 624 -0.0500  1.7832 17.7961
304 624  0.1862 -1.0807 109.0021
336 624  0.1979 -3.7085 50.7033
368 624  0.1675 -4.0864 66.1687
400 624  0.1572 -4.1245 91.2941
432 624  0.1142 -4.1869 96.6774
464 624 -0.0331 -4.2085 74.4191
496 624 -0.0730 -4.2771 73.4281
528 624 -0.2111 -4.1962 89.8497
560 624 -0.3226 -4.0306 95.9185
592 624 -0.1886 -3.5319 76.4503
624 624 -0.2803 -2.2894 35.3581
656 624 -0.0393 -1.8288 10.9094
688 624  0.0664  0.0724 13.2127
720 624 -0.7129 -0.1132 40.4905
752 624 -8.1969 -1.2035 14.3787
784 624 -2.6528  0.1651 13.1630
816 624 -0.0104  1.4738 11.3584
848 624 -0.0785  1.3897 11.8013
880 624  0.2431 -1.2283 16.8479
912 624  0.9044  0.6991 14.2986
944 624  0.3628 -0.0002 19.8795
976 624  0.0160  0.4564 16.0887
 16 656 -0.0743  0.0338 25.5562
 48 656  0.0388  0.1768 18.4299
 80 656 -4.9066 -0.0719 20.2909
112 656 -3.8887  3.2291 19.9206
144 656  2.7583  0.9866 14.7760
176 656  0.1507  0.6386 12.7672
208 656  0.9795  0.0000 11.8606
240 656  1.1317  0.8151 15.7052
272 656  0.0622 -0.0785 18.6828
304 656  0.1023 -2.6668 59.9693
336 656  0.3501 -3.3610 63.0985
368 656  0.1630 -4.0638 61.0223
400 656  0.1803 -4.0423 87.6227
432 656  0.1751 -4.1442 104.5874
464 656  0.0018 -4.2043 83.3331
496 656 -0.0525 -4.1403 104.4094
528 656 -0.1300 -4.2453 102.6596
560 656 -0.1286 -4.0694 96.0064
592 656 -0.1391 -3.6919 67.7973
624 656  0.0510 -0.3576 56.7077
656 656 -0.0274 -0.9970 12.7173
688 656 -0.0328 -0.2385 12.6495
720 656 -0.3455  5.1716 22.3013
752 656  1.8906 11.3397 18.6518
784 656 -17.2113  0.3811 14.2714
816 656  3.4397  0.1331 15.4167
848 656  1.2650  0.2355 13.1839
880 656  0.0315 -0.8815 11.8531
912 656  0.3965 -0.0489 13.6238
944 656  0.6788  0.1198 16.0123
976 656 -0.0478 -0.1557 18.5209
 16 688 -0.1194  0.3887 17.4001
 48 688  0.0677 -0.1397 26.0213
 80 688 -0.1213 -0.0013 24.1582
112 688 -0.0866  0.1066 21.4167
144 688 -0.7816  0.3299 14.0673
176 688  0.6994 -0.0205 12.8554
208 688  0.0325 -0.2811 13.6451
240 688 -0.0991  0.1211 24.1768
272 688 -0.0265 -0.0608 32.4159
304 688  0.2971 -2.3268 58.6157
336 688  0.2521 -3.4592 67.9108
368 688  0.3700 -3.9638 64.6991
400 688  0.2534 -3.8956 94.1717
432 688  0.0609 -4.1296 99.1318
464 688 -0.0339 -3.8309 59.6495
496 688 -0.0033 -4.0960 87.0913
528 688  0.0418 -4.0687 83.5387
560 688 -0.2286 -3.8613 91.2035
592 688 -0.0593 -3.5050 66.5090
624 688 -0.0549 -1.3253 41.4387
656 688 -0.0341 -0.7345 18.4889
688 688  0.1042 -0.4611 11.5616
720 688 -0.9775 -3.7887 16.4900
752 688  1.1929  0.5799 11.0530
784 688  3.1554  0.0000 11.2379
816 688  7.2948 -0.6946 11.9287
848 688  4.2605  0.0145 14.7756
880 688 -0.1531  1.0821 13.4627
912 688 -0.0195  0.0020 29.8851
944 688  0.1711 -0.0680 18.9014
976 688 -0.0757 -0.6469 24.7093
 16 720 -0.2962 -0.0123 27.4215
 48 720 -0.3158  1.1643 14.6319
 80 720 -0.1200 -0.3463 18.0338
112 720  0.2735 -0.0445 13.7413
144 720  0.4518 -0.1487 12.7747
176 720 -0.1658 -2.6369 20.2342
208 720  0.0687  0.1280 14.9931
240 720  0.0926  0.0366 20.1319
272 720  0.1896  0.2294 22.4413
304 720  0.1977 -2.4032 82.4308
336 720 -0.0566 -3.4063 81.2884
368 720  0.1930 -3.8451 77.4666
400 720  0.2462 -4.0191 70.7485
432 720 -0.0583 -3.8366 79.3747
464 720  0.0548 -4.0213 114.2465
496 720 -0.0624 -3.9373 112.2671
528 720 -0.1502 -4.1717 70.9151
560 720 -0.1804 -3.9016 78.9297
592 720 -0.1932 -3.4474 61.2064
624 720 -0.2356 -2.4188 62.2823
656 720 -0.0245 -0.1818 33.3713
688 720 -0.0342  0.7168 11.0432
720 720 -0.6594  0.0000 14.2271
752 720 -1.5939  0.0000 11.9557
784 720 -1.8430  2.7752 15.1527
816 720 -4.9687 -5.0590 12.4305
848 720  9.2674  0.2509 13.8181
880 720  1.2406  0.1673 12.3365
912 720  0.1154 -0.0089 14.1683
944 720 -0.0610  0.1093 12.0588
976 720 -0.1101 -0.0243 12.5052
 16 752  0.5166  0.1150 22.6914
 48 752  0.2744  0.1259 14.6073
 80 752 -0.0066 -0.0114 14.0825
112 752  0.1117  0.1501 13.1679
144 752  0.7273  0.0288 17.9738
176 752  0.1413  1.7872 12.7830
208 752  0.0324  0.0471 18.1458
240 752 -0.1482 -0.0008 15.4334
272 752  0.2489  0.0124 58.5098
304 752 -0.0474 -2.5524 52.5708
336 752  0.2188 -3.5413 55.3357
368 752  0.2215 -3.9182 59.4014
400 752  0.1835 -3.8707 79.8149
432 752  0.1132 -3.7864 96.2130
464 752  0.1437 -3.8452 65.3407
496 752 -0.1200 -3.7406 74.6679
528 752 -0.1561 -3.9455 92.8582
560 752 -0.1058 -3.8252 85.3196
592 752 -0.2606 -3.4080 67.5858
624 752 -0.2244 -2.3272 58.5550
656 752 -0.0760 -0.2213 67.8969
688 752 -0.0259 -0.8716 11.1761
720 752  0.4058  1.7870 12.8387
752 752 -0.1934 -3.2903 22.5302
784 752  1.7929 -2.2262 11.0704
816 752 10.5344 10.6654  9.9155
848 752 -2.1372  2.2740 14.0025
880 752  5.3493  5.4418 15.8886
912 752  1.2200 -0.8097 18.6273
944 752  0.0943 -0.0612 16.2776
976 752  0.2086 -0.0283 13.3621
 16 784 -0.0206  0.0431 12.2661
 48 784 -0.2839  0.0081 13.1691
 80 784 -0.1316  0.0564 14.4081
112 784  0.9526  2.8929 18.8357
144 784 -1.5195  0.1895 15.8412
176 784  1.0152 -2.0940 14.3768
208 784  0.2091  0.0000 14.7882
240 784 -0.1166 -0.3595 16.0824
272 784  0.2963 -0.1874 18.9450
304 784  0.4997 -2.2485 64.6787
336 784  0.1999 -3.4074 62.0333
368 784  0.4277 -3.7855 47.0347
400 784  0.1178 -3.6541 59.7995
432 784  0.1984 -3.7956 57.3727
464 784 -0.0875 -3.8396 62.7097
496 784  0.0100 -3.8538 40.6611
528 784  0.0068 -3.7142 62.3616
560 784 -0.1510 -3.8263 81.8927
592 784 -0.2971 -3.2171 56.6103
624 784 -0.2445 -2.3591 63.5747
656 784  0.0102 -0.5261 78.0457
688 784 -0.0492  0.1140 11.0794
720 784  0.1129 -1.3705 11.4466
752 784 -1.4744  0.0321 28.2651
784 784 -1.0617  0.0000 10.3199
816 784  1.0625  3.9230 14.3086
848 784 -0.1236 -3.9537 19.1553
880 784 -12.8187 -5.9773 15.1678
912 784  3.3056 -0.0612 18.8361
944 784  0.3364 -2.4272 16.2006
976 784  0.0494 -0.7984 14.4559
 16 816  0.4434 -0.1834 18.2389
 48 816 -0.0495  0.1768 17.8845
 80 816 -0.5488 -0.1194 18.4559
112 816 -0.2841  0.3644 15.7058
144 816  0.5153  0.0000 15.2766
176 816  0.1824  0.0940 20.8620
208 816  0.2214 -1.8402 16.3439
240 816 -0.3443 -0.1688 21.3189
272 816  0.0564 -0.6959 19.3552
304 816  0.2285 -2.5587 52.5751
336 816  0.2013 -3.4716 56.5557
368 816  0.2771 -3.6606 52.2592
400 816  0.0477 -3.7012 87.0921
432 816  0.1157 -3.7938 72.8282
464 816  0.0694 -3.6807 64.3617
496 816  0.0657 -3.7143 70.0992
528 816 -0.0407 -3.8352 50.4323
560 816 -0.2339 -3.8560 78.5334
592 816 -0.2016 -3.3801 67.1812
624 816 -0.1695 -2.3356 65.1400
656 816 -0.0979 -0.5858 65.6904
688 816  0.0108 -0.6244 11.0293
720 816  0.0101 -2.3389 11.8377
752 816  4.2326  5.9608 10.1029
784 816  1.9832  2.9042 17.0759
816 816 -3.2363  0.0000 15.5712
848 816 -1.0964  6.0724 14.9298
880 816 -2.7780  0.0283 17.5119
912 816  0.1330  0.1014 17.5237
944 816  0.7578  0.5894 18.1469
976 816 -0.1782  0.0653 17.5399
 16 848 -0.3129 -0.0133 14.9481
 48 848  0.1518  0.4920 16.2999
 80 848 -0.1799  0.8175 14.3460
112 848 -0.2118  0.2137 21.9342
144 848  0.2216 -0.1646 20.7125
176 848  0.0486 -0.0297 17.3552
208 848  0.0106  0.0306 18.6288
240 848  0.0443 -0.1809 14.0333
272 848  0.0786 -0.9575 39.2952
304 848  0.1786 -2.6252 73.2012
336 848  0.2692 -3.4168 64.4800
368 848  0.0882 -3.3960 49.4236
400 848  0.0928 -3.6570 55.6825
432 848  0.1498 -3.6813 69.7054
464 848  0.0315 -3.4901 59.4784
496 848 -0.0464 -3.6822 68.0135
528 848 -0.0234 -3.5790 48.0733
560 848 -0.3634 -3.6930 61.1302
592 848 -0.2331 -3.3767 66.3719
624 848 -0.0033 -2.7589 47.4759
656 848 -0.0043 -0.9290 62.3703
688 848 -0.4675 -1.3640 22.2102
720 848 -0.0569 -1.3483 10.8914
752 848 -3.8331 -16.8689 10.3491
784 848 -2.0125 -11.7892 12.7201
816 848  0.1889 -5.6947 15.2132
848 848 -1.9509  2.0010 19.1780
880 848  7.8061  4.6948 15.0963
912 848  0.0054  2.3979 18.0021
944 848  0.2300  0.8373 17.9963
976 848 -0.2420  0.1079 20.0373
 16 880  1.9573 -0.3189 16.9094
 48 880 -0.0355 -2.0807 15.0643
 80 880 -0.1346 -0.6996 20.5102
112 880 -0.8415  0.0142 22.8158
144 880 -0.3561 -1.9170 13.7094
176 880 -0.0358 -0.8554 22.6877
208 880  0.0615 -0.2080 18.1696
240 880  0.1669  0.0067 17.5791
272 880  0.1405 -1.2145 45.8378
304 880  0.1820 -2.9432 56.4057
336 880  0.3500 -3.2910 70.6129
368 880  0.2855 -3.2540 61.4002
400 880  0.0830 -3.3137 43.6484
432 880  0.1038 -3.3279 76.1808
464 880  0.0175 -3.5949 47.2035
496 880 -0.0010 -3.6945 81.2873
528 880 -0.0206 -3.6291 51.0528
560 880 -0.1345 -3.5432 43.1137
592 880 -0.2001 -3.4195 54.4807
624 880 -0.8675 -2.0209 65.0610
656 880  0.0401 -0.1817 69.8755
688 880 -0.2028 -1.1613 13.7501
720 880 -0.0034 -0.9837 12.4985
752 880 -0.2435  0.3882 16.2156
784 880  3.0924  0.1548 15.4852
816 880  0.5899 -4.2005 15.8179
848 880 -0.6105 -5.4251 15.6799
880 880  0.3214  2.9893 12.2423
912 880  0.3170  3.4896 15.0108
944 880 -2.2901  2.6948 13.9129
976 880  0.5850  0.1631 35.3303
 16 912  0.3497  0.2348 16.1662
 48 912 -0.1139  0.1719 13.4594
 80 912  0.2795 -0.1458 20.7042
112 912  5.9702 -0.1338 18.0484
144 912  0.0664 -0.0718 30.9107
176 912  0.0966 -0.6390 30.1083
208 912 -0.1474  0.0839 20.9563
240 912  0.0172 -0.0265 20.4089
272 912  0.2617 -0.1307 52.5627
304 912  0.3156 -3.1870 73.0576
336 912  0.2155 -3.2960 68.0466
368 912  0.1807 -3.0081 45.9373
400 912 -0.0784 -3.4882 56.1208
432 912  0.1754 -3.6243 56.8269
464 912  0.0577 -3.4433 59.2064
496 912 -0.1781 -3.6516 48.4533
528 912 -0.1959 -3.5327 68.9929
560 912  0.0304 -3.6428 63.5781
592 912 -0.6126 -3.2707 34.3232
624 912 -0.1516 -2.8129 50.4845
656 912 -0.2732 -0.7722 73.7946
688 912 -0.0007 -1.3167 30.6970
720 912 -0.0065 -0.0343 13.5185
752 912 -2.9397 -0.1494 15.3190
784 912  0.0480 -0.1738 15.2950
816 912 -0.6189  6.0813 16.3149
848 912 -0.1050  1.2457 12.9088
880 912 -1.0492 -2.3006 13.3739
912 912  1.7354  2.0077 15.4141
944 912 -4.1196  1.2856 14.3208
976 912 -5.9583  0.2751 15.0640
 16 944 -0.0080 -0.0762 16.7930
 48 944 -0.0461  0.0078 14.9947
 80 944  0.2870 -0.1494 18.8893
112 944  0.0981 -0.2380 24.0762
144 944 -0.1176  0.0007 24.8578
176 944  0.1029  0.0421 34.6100
208 944 -0.1180  0.1088 19.8253
240 944  0.0108  0.0387 31.1720
272 944  0.2435  0.4756 77.8269
304 944  0.1837 -2.9725 39.5238
336 944  0.2217 -3.1617 51.8347
368 944  0.1669 -3.4135 36.7826
400 944  0.0587 -3.3594 49.8794
432 944 -0.0057 -3.4187 69.3332
464 944  0.0430 -3.3608 77.8517
496 944 -0.2240 -3.4451 62.9897
528 944 -0.1609 -3.3751 48.8546
560 944  0.0157 -3.6550 66.8616
592 944 -0.2388 -3.2794 61.5342
624 944 -0.0968 -2.8982 43.6935
656 944 -0.0774 -0.4298 59.5390
688 944 -0.0494 -0.8254 16.3814
720 944  0.0242  0.0148 13.0358
752 944 -0.9779  0.3507 16.3026
784 944 -5.8351 -0.0448 19.0297
816 944 -0.1158  4.0172 17.2641
848 944 -0.0348  0.1195 67.3274
880 944 -0.0753  0.0054 36.3207
912 944  0.2335 -0.8602 20.5136
944 944 -0.0038  0.3928 14.1602
976 944 -0.7793 -0.5334 18.4686
 16 976 -0.3155 -1.9707 14.1583
 48 976  0.0601 -0.3527 17.8753
 80 976  0.3112  0.0756 16.4727
112 976  0.0741  0.2099 15.6108
144 976  0.0723  0.0516 22.1755
176 976 -0.1020 -0.1564 30.5376
208 976  0.1527 -0.0364 26.0396
240 976  0.1067 -0.1222 22.4971
272 976  0.1864 -1.3170 56.8866
304 976  0.0356 -2.6713 34.3914
336 976  0.0540 -2.8745 54.9084
368 976  0.2546 -3.2177 60.8352
400 976 -0.0166 -3.2221 42.1695
432 976  0.0467 -3.3295 60.9094
464 976  0.0045 -3.3378 57.6540
496 976 -0.0306 -3.0318 34.0629
528 976 -0.1221 -3.5418 49.9371
560 976 -0.1747 -3.4391 48.8498
592 976 -0.1688 -3.3880 62.5533
624 976  0.0086 -3.1270 57.8547
656 976 -0.1498 -1.5855 53.6703
688 976 -0.0358 -0.5126 19.9972
720 976 -0.0328 -0.0202 11.8763
752 976 -0.7235  8.1326 16.0770
784 976  1.4159  1.8040 15.7976
816 976  3.7363 -4.2307 15.4993
848 976  0.9508 -0.1159 18.6734
880 976  0.2672  0.0000 13.8102
912 976  0.0466 -0.0821 17.3259
944 976 -0.2283 -0.2455 16.0405
976 976 -0.0228 -0.6152 19.9335
 16 1008  0.0035  0.0054 14.8794
 48 1008  0.0040  0.0192 14.5526
 80 1008  0.0119 -0.0066 14.3667
112 1008 -0.0071 -0.0011 14.2527
144 1008 -0.0022  0.0063 14.0737
176 1008  0.0193  0.0071 14.5357
208 1008 -0.0103 -0.0001 14.9556
240 1008 -0.0753 -0.0682 18.4688
272 1008 -0.0096 -0.2006 17.0791
304 1008  0.1416 -0.0544 14.1994
336 1008 -0.0535 -0.0919 15.2843
368 1008  0.2242 -3.0451 21.8442
400 1008 -0.0761 -0.2274 14.0937
432 1008  0.0758 -0.2722 13.9674
464 1008  0.3474 -0.1015 14.6435
496 1008  0.3261 -0.0626 15.0394
528 1008  0.6373 -0.1169 14.3128
560 1008 -0.1373 -3.2234 21.3665
592 1008 -0.5853  0.1711 15.4287
624 1008 -0.1604 -2.6302 23.5340
656 1008 -0.1826 -0.7841 13.6699
688 1008 -0.0240 -0.0308 17.0411
720 1008  0.0160  0.0016 18.5106
752 1008  0.0353 -0.0069 14.6157
784 1008  0.0053  0.0005 14.5413
816 1008 -0.0155  0.0026 14.6635
848 1008  0.0199 -0.0152 14.5840
880 1008  0.0153 -0.0020 14.7361
912 1008 -0.0259  0.0299 16.6689
944 1008 -0.0024  0.0000 21.0360
976 1008 -0.0057  0.0005 19.6180
