 16  16 -0.0636     NaN 62.0242
 48  16 -0.1592 -0.4687 60.8143
 80  16 -0.2291 -0.4909 64.3609
112  16 -0.0482     NaN 62.6248
144  16 -0.0398 -0.5027 58.9047
176  16 -0.1175 -0.4986 58.9369
208  16 -0.1416 -0.4857 59.0097
240  16 -0.0581 -0.4763 60.6652
272  16 -0.0293     NaN 61.3056
304  16  0.0111     NaN 55.2819
336  16  0.0520     NaN 67.0001
368  16  0.1818 -0.5684 50.5275
400  16 -0.1174     NaN 49.7004
432  16  2.0489 -0.7973 35.4798
464  16  0.0000  0.0000 32.5507
496  16 -1.9746 -0.7001 44.2427
528  16 -0.0508 -0.5614 30.9882
560  16  0.2506 -4.0113 52.2575
592  16  0.0432 -0.6855 51.8425
624  16 -0.0327 -0.1789 82.6365
656  16 -0.1286 -0.1183 88.6545
688  16 -0.0392 -0.1104 79.1965
720  16 -0.0745 -0.3754 77.3367
752  16 -0.0817 -0.3690 68.7532
784  16 -0.1531 -0.2977 76.1779
816  16 -0.0479 -0.2467 80.1222
848  16 -0.0263 -0.2862 68.8349
880  16  0.0287 -0.1138 67.2210
912  16 -0.0252 -0.0481 81.1582
944  16  0.0237 -0.0500 62.4242
976  16 -0.0071 -0.0332 77.1297
 16  48 -0.7921 -0.0232 25.3322
 48  48 -0.5494  0.0541 31.0659
 80  48 -0.1264  0.0831 16.5336
112  48 -0.2448  0.0477 54.3451
144  48 -0.7099 -0.0381 17.6483
176  48 -0.0260 -0.0215 21.7663
208  48 -0.4273  0.0733 15.2945
240  48 -0.1042  0.1722 36.0396
272  48  0.5466  0.8048 26.7106
304  48  0.0177 -0.8809 12.6966
336  48  0.2003 -0.1122 22.4661
368  48 -0.8779 -4.8771 14.9959
400  48  0.1589 -5.8642 27.4367
432  48  0.6644 -6.1504 38.0728
464  48  3.5623  1.0641 16.4667
496  48  0.3917 -6.3839 27.1792
528  48 -0.0569 -6.4411 16.3853
560  48  0.2293 -5.6189 17.9839
592  48  0.5921 -0.2728 13.9007
624  48 -0.5726 -0.5205 20.0951
656  48 -0.1965  0.0575 79.2004
688  48 -0.3904 -0.0377 87.6898
720  48 -0.0990 -0.0224 66.6229
752  48 -0.0696 -0.0021 121.1074
784  48 -0.1018 -0.0270 91.5473
816  48 -0.0025 -0.0144 138.1404
848  48 -0.0027 -0.0045 86.4318
880  48 -0.0019  0.0062 125.5314
912  48  0.1156 -0.0323 94.7023
944  48  0.0180 -0.0126 108.6908
976  48  0.0595  0.0067 100.5696
 16  80 -0.4700  0.1207 81.2987
 48  80 -0.3498  0.1860 53.7805
 80  80 -0.5018 -0.1643 53.7675
112  80 -0.3673  0.1800 70.6137
144  80 -0.3528  0.1131 47.9732
176  80 -0.3562  0.1286 32.6795
208  80 -0.1175  0.0961 63.7305
240  80 -0.0619  0.0578 76.7022
272  80 -0.1213  0.0199 32.4598
304  80  0.2257 -0.0952 22.3102
336  80  0.6961  0.0671 14.5375
368  80  0.0129 -0.5743 14.6275
400  80  0.0000  0.0000 40.5862
432  80 -11.0935 24.0409 12.2761
464  80     NaN     NaN 13.5316
496  80  0.4346 -6.9776 17.4055
528  80  0.2644 -5.4472 22.0096
560  80  0.1817 -2.8554 17.6087
592  80  0.0465 -0.2917 17.0255
624  80 -0.0348  0.0043 82.3392
656  80  1.2073  0.2839 12.0039
688  80 -0.9229  0.1313 11.6135
720  80  0.3391  0.5374 11.6264
752  80  1.6229  0.1983 11.5901
784  80  0.2087  0.1313 11.5980
816  80 -0.8773  0.1649 11.4304
848  80 -0.1204 -0.1029 13.4630
880  80  0.1421 -0.0135 14.7203
912  80 -0.0824 -0.0736 11.9412
944  80 -0.0298 -0.0660 177.3965
976  80  0.0387 -0.0174 108.6047
 16 112 -0.0243  0.0065 49.5650
 48 112  0.0864 -0.0312 32.0117
 80 112 -0.0018  0.0095 25.1621
112 112  0.0426 -0.0535 23.0528
144 112 -0.0500  0.0110 25.5423
176 112  0.0274  0.0184 19.1929
208 112  0.0438  0.0071 22.0221
240 112 -0.0004  0.0589 25.4508
272 112  0.0964  0.0291 25.1414
304 112  0.0159 -0.0095 27.6218
336 112  0.0196  0.0146 21.4493
368 112 -0.0652 -0.1171 35.4361
400 112  0.3045 -6.2854 56.3193
432 112 -3.8301 -1.1053 80.0373
464 112  0.2564 -6.6976 27.2082
496 112 17.7519  0.8106 30.2366
528 112 -7.4449 -2.7059 32.8697
560 112 -4.3085 -4.0125 48.3068
592 112 -0.0971  0.0022 20.7975
624 112 -0.0872 -0.0342 15.4399
656 112 -0.0500 -0.0679 16.1041
688 112 -0.0653 -0.0515 16.6272
720 112  0.0443  0.0123 19.2602
752 112 -0.0420 -0.0831 20.4359
784 112 -0.0042 -0.0529 19.0420
816 112  0.0302  0.0672 17.1973
848 112 -0.1445 -0.0590 25.5954
880 112  0.0267 -0.0120 18.5170
912 112  0.0912 -0.0998 14.8345
944 112  0.0255 -0.0645 16.1350
976 112 -0.0235  0.1079 21.0904
 16 144  0.9621 -0.3063 13.8466
 48 144 -0.0128  0.1423 13.7370
 80 144  0.0705  0.0383 14.6095
112 144  0.5515 -0.0040 13.1065
144 144  0.1857 -0.0336 13.1891
176 144 -0.1146 -0.0417 13.2743
208 144  0.4031 -0.0390 13.0750
240 144  0.3497  0.0960 12.4688
272 144  0.0517  0.0499 12.9400
304 144  0.8487 -0.2188 11.8445
336 144 -0.0347  0.0276 68.6450
368 144  0.2388 -4.9499 29.8451
400 144  0.4699 -6.2334 61.5127
432 144  0.4488 -6.4455 63.0770
464 144  0.3764 -6.3809 46.7820
496 144 -0.0041 -6.5093 53.7907
528 144  0.2294 -6.4970 44.3583
560 144  0.0325 -5.2915 53.2907
592 144  0.0085 -0.0602 59.8917
624 144 -0.0502  0.0286 13.3113
656 144 -0.5235  0.0376 11.9459
688 144 -0.2329  0.0322 11.8641
720 144 -0.0548  0.0562 12.1406
752 144  0.1770  0.1292 11.7782
784 144  0.4255  0.0681 12.1000
816 144  0.0547 -0.0554 11.7706
848 144  0.0266  0.0943 11.8070
880 144 -0.0287 -0.0035 12.2299
912 144 -0.1952  0.0021 11.8686
944 144  0.0479  0.0427 12.1663
976 144 -0.0450 -0.0025 12.1860
 16 176 -0.0060  0.0367 12.3339
 48 176  0.0406 -0.0030 12.2916
 80 176 -0.0177 -0.0481 12.1846
112 176  0.0307 -0.0005 11.4253
144 176  0.0618  0.0241 11.6463
176 176  0.9273 -0.0839 11.2467
208 176  0.6973 -0.0115 11.2985
240 176 -0.5684  0.0452 11.2440
272 176 -0.7628 -0.2006 10.9298
304 176 -0.2137  0.0232 13.4161
336 176 -0.1085  0.0297 40.0070
368 176  0.4570 -5.1846 65.5871
400 176  0.3989 -6.0113 41.6014
432 176  0.3979 -6.3186 58.3708
464 176  0.2004 -6.2694 69.1538
496 176  0.1337 -6.2911 52.9535
528 176  0.0280 -6.2021 71.8132
560 176 -0.1047 -4.8708 49.8317
592 176  0.0034 -0.1347 53.2813
624 176 -0.0567  0.1584 11.8457
656 176  0.0441  0.0494 11.3215
688 176 -0.1484  0.0045 10.9719
720 176 -0.2813  0.0145 11.0428
752 176 -0.2429  0.0600 10.9541
784 176 -0.0726  0.1246 11.0278
816 176 -0.2904 -0.0184 11.1338
848 176  0.0053  0.0030 11.1918
880 176  0.0535 -0.0108 11.1379
912 176  0.0752 -0.0400 11.3210
944 176 -0.0205 -0.0279 11.6111
976 176 -0.0006  0.0010 11.5507
 16 208 -0.0571 -0.0019 13.7166
 48 208 -0.0157  0.0730 13.9063
 80 208 -0.0714  0.0162 14.9279
112 208  0.1486  0.1238 14.1007
144 208 -1.9960  0.7024 15.3206
176 208  0.9040 -0.0424 14.1362
208 208 -0.0868 -0.0169 14.7738
240 208  0.0371  0.1470 13.8777
272 208  0.0537 -0.0377 13.6781
304 208  0.1455  0.0136 18.0704
336 208  0.1658 -0.0207 40.5475
368 208  0.5254 -4.8163 60.6187
400 208  0.3910 -5.8008 50.8272
432 208  0.3279 -6.2356 63.1198
464 208  0.0826 -6.1170 58.3226
496 208  0.1120 -5.9491 60.8351
528 208 -0.0367 -6.1024 72.5862
560 208 -0.1472 -4.9077 65.5443
592 208 -0.1700 -1.1127 25.3091
624 208  0.0258  0.0612 13.4791
656 208 -0.1173 -0.0148 16.6986
688 208 -0.1266  0.0350 16.0586
720 208 -0.0643  0.0561 16.4687
752 208 -0.1208  0.0307 16.2072
784 208 -0.0369  0.0476 13.9129
816 208 -0.3620  0.1019 12.3594
848 208  0.7148  0.0701 12.7850
880 208  0.9649  0.0011 12.6650
912 208 -0.5955  0.0043 12.3971
944 208 -0.1055  0.1048 13.9548
976 208 -0.0785  0.0313 13.5361
 16 240  0.0293 -0.0750 17.1919
 48 240 -0.0260  0.1171 14.1029
 80 240  0.0419 -0.1399 16.8642
112 240 -0.0865  0.0089 15.3570
144 240  0.0898 -0.0070 15.7508
176 240  0.0757 -0.0925 17.2732
208 240 -0.0107  0.0949 16.0520
240 240  0.0867  0.1429 14.5101
272 240  0.1037  0.3326 16.1287
304 240  0.0051  0.0792 18.6832
336 240 -0.0168 -0.1514 21.1917
368 240  0.5950 -4.9422 60.5300
400 240  0.6512 -5.4213 39.5288
432 240  0.2322 -5.8155 60.1919
464 240  0.0326 -5.9189 45.0670
496 240 -0.0027 -5.8865 75.4583
528 240 -0.2305 -5.9695 74.6393
560 240 -0.3620 -5.1042 59.2298
592 240 -0.0064 -0.2688 46.2980
624 240  0.0524 -0.0168 12.7535
656 240 -0.1699 -0.0002 33.0321
688 240 -0.2416  0.0612 79.4903
720 240 -0.1813  0.0741 71.6447
752 240 -0.2331 -0.1035 71.6261
784 240 -0.1642     NaN 54.6897
816 240 -0.0783     NaN 27.1130
848 240 -1.8493  6.0658 14.0910
880 240  0.0000  0.0000  9.4771
912 240  0.0000  0.0000  9.5757
944 240 -2.8469 -0.2365 16.6415
976 240  0.0030 -0.0590 13.2932
 16 272  0.0176  0.0924 27.9766
 48 272  0.0948 -0.2589 30.9799
 80 272 -0.0233 -0.0138 41.3305
112 272     NaN  0.0922 34.7690
144 272  0.0641  0.0465 41.0455
176 272 -0.0615  0.0776 32.2372
208 272  0.2664  0.0520 21.0746
240 272 -0.0426  0.0596 13.0938
272 272 -0.2439 -0.0857 23.9851
304 272 -0.1830  0.0942 22.6028
336 272  0.2616 -2.1496 35.9819
368 272  0.4161 -5.3389 86.2058
400 272  0.2460 -5.5012 59.8803
432 272  0.2398 -5.6281 72.4834
464 272  0.1957 -5.8461 81.2565
496 272 -0.0739 -5.5335 57.9172
528 272 -0.1309 -5.7485 86.1655
560 272 -0.3143 -4.7140 71.9505
592 272  0.0168 -0.1427 45.1099
624 272 -0.2518 -4.6289 20.0205
656 272 -0.1229  0.0483 34.9220
688 272 -0.1506  0.0162 43.1580
720 272 -0.1199 -0.0156 78.3708
752 272 -0.2102 -0.0097 76.3212
784 272 -0.1623 -0.0536 56.0785
816 272 -0.0534  0.3511 15.2591
848 272 -0.1148     NaN 16.0511
880 272  0.0000  0.0000 10.7363
912 272  3.5628  1.5597  8.7666
944 272 -0.1079 -0.0472 13.0578
976 272 -0.0940 -0.1668 13.7368
 16 304     NaN     NaN 30.6544
 48 304 -0.0884 -0.0267 53.1690
 80 304  0.0552 -0.0602 44.7328
112 304 -0.1390 -0.0449 42.6840
144 304  0.2376  0.0868 41.7952
176 304     NaN -0.0200 44.1170
208 304 -0.2796 -0.3540 34.9603
240 304 -0.0970  0.0334 15.1743
272 304     NaN  0.2083 16.5597
304 304 -0.0705 -0.0681 18.9053
336 304  0.3329 -3.2513 37.5240
368 304  0.5228 -4.5321 62.2796
400 304  0.1879 -5.6879 85.6971
432 304  0.1897 -5.7099 59.9557
464 304  0.1658 -5.5504 68.9320
496 304 -0.0889 -5.6290 60.8100
528 304 -0.2038 -5.3767 81.6021
560 304 -0.2739 -4.8787 59.7943
592 304 -0.0372 -0.0269 49.3454
624 304 -0.0104 -0.0454 12.2506
656 304 -0.0894  0.0109 29.5553
688 304 -0.1658  0.0322 71.6908
720 304 -0.1783  0.0331 57.3823
752 304 -0.1774 -0.0059 82.8306
784 304 -0.1780 -0.0494 35.4168
816 304  0.0277  0.7627 17.2860
848 304  0.0000  0.0000 10.2754
880 304  3.0003  5.8768 13.8005
912 304  0.1721  1.3332 12.1609
944 304 -0.7962  0.0316 12.0528
976 304 -0.0572 -0.0813 13.5901
 16 336     NaN     NaN 43.4301
 48 336     NaN  0.1174 52.3346
 80 336  0.1431 -0.1450 54.5301
112 336     NaN -0.1201 64.8518
144 336 -0.1233     NaN 55.2928
176 336 -0.1226     NaN 41.4576
208 336 -0.1024 -0.0363 33.0457
240 336  0.0658  0.1274 14.0473
272 336  0.0000  0.0000 15.7904
304 336  0.0532 -0.1973 15.4497
336 336  0.0407  0.0086 35.0123
368 336  0.4018 -4.6205 50.5911
400 336  0.2855 -5.2944 83.3329
432 336  0.2082 -5.4341 79.0657
464 336  0.0133 -5.2538 67.8965
496 336 -0.0466 -5.5932 70.5070
528 336 -0.1872 -5.3807 74.0792
560 336 -0.3288 -4.9329 63.3582
592 336  0.0058 -0.1764 66.6421
624 336  0.0932 -0.1599 11.6918
656 336 -0.1543 -0.1253 63.7415
688 336 -0.0601 -0.0186 66.5873
720 336 -0.0736 -0.0398 41.1483
752 336 -0.1154 -0.0625 40.9937
784 336  0.0108 -0.0804 29.8653
816 336  0.2535  0.9787 14.2837
848 336 -1.1233 -0.6834 11.9573
880 336  0.1484 -1.3566 11.5659
912 336  0.2356 -1.0638 14.2481
944 336 -0.3066 -2.2687 14.9027
976 336 -2.0517 -3.0075 16.6192
 16 368     NaN  0.0336 38.9594
 48 368  0.0322  0.1463 65.2803
 80 368 -0.0461 -0.1868 62.9404
112 368     NaN     NaN 44.9982
144 368 -0.0182 -0.0097 54.2215
176 368     NaN     NaN 42.1053
208 368 -0.0026     NaN 36.4909
240 368 -0.0303 -0.0302 15.4187
272 368 -0.2082 -0.0513 35.8614
304 368 -0.0117  0.1492 14.1126
336 368  0.3785 -3.6782 54.2524
368 368  0.4724 -4.5886 67.2386
400 368  0.3760 -5.3466 77.9813
432 368  0.1026 -5.2682 95.6662
464 368  0.0646 -5.3575 59.5553
496 368 -0.0911 -5.3697 77.3003
528 368 -0.3052 -5.2940 83.8897
560 368 -0.2921 -4.9048 84.1445
592 368 -0.2669 -3.0277 60.4614
624 368  2.9133 -2.3527 17.5521
656 368 -0.0464 -0.0649 26.1906
688 368 -0.0241  0.1719 63.2223
720 368 -0.1189 -0.1065 41.2848
752 368 -0.0827  0.0458 17.6075
784 368 -0.2637 -0.7758 10.9718
816 368 -1.1705 -0.0552 12.3794
848 368 -1.2730  0.0729 11.0865
880 368 -4.5995  1.0761 10.2682
912 368  4.6740 -7.8133 12.3204
944 368     NaN -2.0021 13.1696
976 368  0.3769  0.0312 19.0272
 16 400 -0.0004  0.0462 39.4457
 48 400  0.0577  0.1030 45.0114
 80 400 -0.2058 -0.1269 53.0421
112 400  0.1630  0.1250 55.9048
144 400     NaN -0.0182 51.8935
176 400 -0.0659  0.1831 52.0849
208 400  0.0647  0.1707 41.1586
240 400 -0.1031  0.0730 15.2029
272 400  0.0023  0.1081 18.6392
304 400  0.0639 -0.0077 18.1181
336 400  0.3720 -3.9481 62.1580
368 400  0.4655 -4.8038 53.4975
400 400  0.2348 -5.0752 82.5058
432 400  0.0915 -5.1314 91.0339
464 400 -0.1191 -5.1669 85.5448
496 400 -0.0396 -5.2155 80.0922
528 400 -0.1920 -5.0165 97.8907
560 400 -0.2976 -4.8213 74.9295
592 400 -0.0845 -2.5205 45.1103
624 400 -0.2774 -2.0911 17.1388
656 400 -0.1036  0.0690 16.4756
688 400 -0.1395 -0.0460 37.8896
720 400 -0.2335  0.2252 26.7313
752 400  0.1838  2.8918 14.9733
784 400 -6.2024  0.9270 13.8137
816 400  1.3807  0.0956 14.2114
848 400 -7.6521  0.7070 13.9134
880 400     NaN  0.0496 13.9073
912 400 -19.0401  1.9552  9.6086
944 400 -3.9580 -1.7750 15.7239
976 400 -12.1947     NaN 13.9353
 16 432  0.0754 -0.0764 32.1839
 48 432  0.0406  0.0500 29.3191
 80 432  0.0245  0.0058 36.0865
112 432  0.1041 -0.0213 51.6652
144 432 -0.0551  0.0072 54.1802
176 432     NaN     NaN 39.6701
208 432 -0.0180  0.2532 43.2191
240 432  0.0039 -0.0019 14.3414
272 432  0.2254 -0.0054 29.1313
304 432  0.0491  0.0007 32.0177
336 432  0.2388 -3.6484 58.4819
368 432  0.2847 -4.6990 72.8579
400 432  0.1755 -4.9722 75.8650
432 432  0.1269 -5.0778 89.8734
464 432  0.0851 -5.1085 87.0852
496 432 -0.0127 -5.0122 84.1934
528 432 -0.1577 -4.9704 83.2162
560 432 -0.2269 -4.7673 76.9208
592 432 -0.2376 -1.3578 47.4956
624 432 -0.1060 -1.1270 30.4661
656 432 -0.3097 -0.4242 13.8562
688 432 -0.0205  0.0100 16.1227
720 432  0.8800     NaN 16.0598
752 432 -0.1521 -2.9634 14.2955
784 432 -3.0366  2.0265 18.6689
816 432 -0.0962  1.1127 13.0321
848 432  0.7526 -0.8513 12.0974
880 432 -1.3790 -0.2887 12.2126
912 432 18.5380 -0.9709  9.4716
944 432  2.1669  2.1963 15.3197
976 432 -0.8568  0.2168 14.7767
 16 464 -0.1158  0.0275 53.4437
 48 464 -0.1098  0.1297 41.6552
 80 464 -0.0923 -0.0408 30.2834
112 464  0.0393 -0.1924 46.3047
144 464  0.1856 -0.0062 41.6435
176 464     NaN     NaN 35.1494
208 464 -0.0065  0.1288 31.8283
240 464  0.1603  0.1316 13.7002
272 464  0.2887     NaN 26.0168
304 464 -0.0350 -0.0638 23.0106
336 464  0.4633 -3.5701 65.7240
368 464  0.3282 -4.5725 83.7176
400 464  0.1363 -4.9599 78.5926
432 464  0.1824 -4.8655 109.4247
464 464 -0.0752 -4.8985 114.5263
496 464 -0.0193 -4.9338 103.4834
528 464 -0.1104 -4.7124 51.6447
560 464 -0.2443 -4.6234 76.5348
592 464 -0.2880 -3.5019 34.1795
624 464  0.0097 -0.2657 55.6978
656 464  0.0884  0.7948 11.6986
688 464  1.0627  2.0518 11.0809
720 464  2.9050 -1.3034 14.5148
752 464  1.3144 -3.2322 12.5647
784 464 -3.3158  0.9105 12.9015
816 464 -0.0436 -3.0629 12.9345
848 464 -1.1098  0.8004 16.5761
880 464  4.9193     NaN 16.0811
912 464  0.0000  0.0000  9.4414
944 464  2.3129     NaN 15.7586
976 464 -4.0471     NaN 20.0674
 16 496  0.0594 -0.0474 36.7364
 48 496 -0.1329 -0.0833 38.4684
 80 496 -0.0049  0.0245 41.6419
112 496 -0.0339  0.1463 36.9413
144 496 -0.0148  0.0831 31.6114
176 496  0.0835     NaN 41.2678
208 496 -0.0182 -0.0583 18.2859
240 496 -0.0614 -0.0748 14.6635
272 496  0.1119     NaN 41.7763
304 496  0.2057 -0.3742 73.5755
336 496  0.1374 -3.7496 80.6568
368 496  0.2812 -4.3058 75.0708
400 496  0.1153 -4.9239 74.8450
432 496  0.1724 -4.7517 76.3087
464 496  0.0344 -4.7935 89.1464
496 496  0.0281 -4.8424 92.1286
528 496 -0.1539 -4.7776 60.1719
560 496 -0.1203 -4.5549 73.0274
592 496 -0.2000 -3.5666 40.4677
624 496 -0.0033 -0.4188 79.9663
656 496 -0.0454  1.5731 10.5400
688 496  0.5839 -0.8501 12.8688
720 496  0.9829 -2.7603 19.9280
752 496 -0.5928 -3.2521 11.6190
784 496  0.0735  1.3721 12.2924
816 496 -0.9295  0.9689 13.3126
848 496  0.1647 -1.4350 12.1318
880 496  0.0000  0.0000 12.6899
912 496  0.0000  0.0000 11.1927
944 496  0.0385 -0.3375 12.7989
976 496  0.0000  0.0000 16.2042
 16 528  0.0531 -0.0662 47.0920
 48 528  0.1981  0.0047 33.2445
 80 528 -0.0525 -0.0827 26.9691
112 528  0.0179 -0.0322 27.2640
144 528 -0.0799  0.0004 35.9396
176 528  0.1460  0.1940 32.1687
208 528  0.0669  0.0819 16.4020
240 528 -0.0539  0.0180 18.3168
272 528  0.1029 -0.0433 30.2996
304 528  0.0488 -0.1404 31.7330
336 528  0.3029 -2.9588 74.6779
368 528  0.2146 -4.4487 54.6583
400 528  0.2407 -4.2323 73.5763
432 528  0.0755 -4.6929 65.7552
464 528  0.1094 -4.7162 85.7096
496 528 -0.1486 -4.7280 97.1615
528 528 -0.2300 -4.7200 83.5483
560 528 -0.3904 -4.2220 45.1235
592 528 -0.1778 -3.5892 57.7286
624 528 -0.1609 -1.7755 68.7411
656 528  0.0109  0.0422 12.0641
688 528  0.0853 -0.1592 17.1855
720 528 -0.0132 -0.1353 13.5164
752 528 -0.1387 -0.1957 13.9881
784 528  3.7460 -1.9245 13.4333
816 528 -0.0850  1.3203 11.8616
848 528  0.0788  1.4678 13.7722
880 528 -2.0191 -10.8346 15.4320
912 528  0.0000  0.0000 10.8026
944 528  0.1136  0.1511 16.4620
976 528  0.2695  0.3810 15.6069
 16 560  0.1383 -0.1732 42.2802
 48 560  0.0418  0.1033 40.5407
 80 560  0.0974 -0.0464 37.1095
112 560 -0.0172 -0.0694 31.6273
144 560 -0.0127  0.0232 26.7576
176 560  0.0079 -0.0695 30.5811
208 560  0.1777  0.0109 15.4743
240 560 -0.2012  0.0179 25.1913
272 560 -0.1402     NaN 19.6971
304 560  0.1071 -1.7498 39.5179
336 560  0.2256 -3.5469 67.4425
368 560  0.1816 -4.2769 75.1217
400 560  0.1319 -4.4298 68.3668
432 560  0.0666 -4.4176 63.8277
464 560  0.2287 -4.5837 79.0521
496 560 -0.2177 -4.4058 85.5415
528 560 -0.1021 -4.6409 78.5222
560 560 -0.2293 -4.3238 71.4408
592 560 -0.1587 -3.0537 62.2956
624 560 -0.2178 -1.7674 59.7886
656 560  0.0244 -0.0740 18.0415
688 560 -0.0699  0.0236 22.1274
720 560 -0.0506 -0.0967 37.1719
752 560  0.0458  0.0406 23.4550
784 560  0.8397 -0.0833 13.3072
816 560  0.0220  1.1816 11.0175
848 560  0.0757 -4.6729 12.9443
880 560  0.0848     NaN 18.2733
912 560  0.1034 -1.8248 14.6138
944 560  0.7289     NaN 16.6132
976 560 -0.7314  4.8308 12.7463
 16 592  0.0589 -0.0604 41.2444
 48 592 -0.1794  0.1331 46.6311
 80 592  0.1512  0.0080 41.0511
112 592  0.1383  0.0026 41.3288
144 592  0.0413  0.0932 27.4827
176 592 -0.0739 -0.1515 21.3944
208 592  0.1761 -0.0143 17.4471
240 592  0.2160     NaN 32.0900
272 592  0.0120  0.1714 24.2553
304 592  0.1647 -1.4239 47.7674
336 592  0.3142 -3.6787 65.4283
368 592  0.1636 -4.3380 67.6672
400 592  0.1254 -4.4296 51.6936
432 592  0.0953 -4.4832 79.0903
464 592  0.0534 -4.3990 65.0662
496 592 -0.0251 -4.5605 66.5204
528 592 -0.0627 -4.4296 66.9648
560 592 -0.0730 -4.3571 82.9977
592 592 -0.2814 -3.5517 47.9758
624 592 -0.1429 -0.3450 79.3069
656 592 -0.0336 -1.6433 11.3204
688 592  0.0136  0.0560 15.8426
720 592 -0.1365     NaN 60.4848
752 592 -0.0606 -0.0506 29.8420
784 592  1.7738  0.1565 17.5812
816 592 -0.2311  1.2882 13.1673
848 592  0.1549  1.1297 18.7147
880 592 -1.0699 -0.1527 17.1295
912 592  0.1809  1.1311 14.8274
944 592  1.0460 -1.2394 18.6527
976 592 -0.2974 -0.2187 14.1849
 16 624  0.0178  0.0410 39.5215
 48 624     NaN -0.1089 46.1403
 80 624  0.0036 -0.0273 44.4493
112 624 -0.1288  0.0770 37.8516
144 624 -0.1009 -0.0631 31.6014
176 624 -0.0771 -0.0479 18.5857
208 624  0.0460  0.1599 27.1941
240 624 -0.0299  0.0213 33.5728
272 624  0.0090  0.0065 24.2640
304 624  0.3232 -2.1348 83.9072
336 624  0.1973 -3.9649 95.0186
368 624  0.2089 -4.1468 95.9542
400 624  0.1617 -4.3037 77.2204
432 624  0.1322 -4.3094 99.0101
464 624  0.0376 -4.2084 89.6730
496 624 -0.0505 -4.2595 105.2326
528 624 -0.0380 -4.2092 101.4666
560 624 -0.2907 -4.0960 75.8973
592 624 -0.1137 -3.5525 74.1286
624 624 -0.0217 -2.6680 49.4951
656 624 -0.4416 -2.3228 17.7647
688 624  0.0208 -0.0356 13.2891
720 624 -0.1025 -0.0458 40.9283
752 624 -0.0711     NaN 24.7311
784 624  3.6242 -6.1727 13.5081
816 624  0.1015 -1.3259 11.9777
848 624 -0.2729 -1.3407 11.1602
880 624  0.1142  1.9107 16.8482
912 624 -2.1676 -0.8611 12.6569
944 624  0.3617  0.7089 19.5640
976 624 -0.7414  1.1424 16.7647
 16 656 -0.1756  0.0052 35.0391
 48 656 -0.0328 -0.1671 32.5446
 80 656 -0.2246  0.1348 33.7491
112 656  0.1336 -0.1829 38.7901
144 656 -0.1658 -0.0455 27.7449
176 656 -0.0485 -0.0625 18.0653
208 656 -0.0656 -0.0464 32.0139
240 656  0.1114  0.0543 33.5039
272 656 -0.0050 -0.0512 35.1479
304 656  0.0803 -1.8069 69.3155
336 656  0.2450 -3.7100 98.5914
368 656  0.2618 -4.2536 98.1726
400 656  0.1563 -4.1600 99.9363
432 656  0.0674 -4.2132 77.4811
464 656  0.1150 -4.2330 71.8083
496 656 -0.0870 -4.2298 73.9488
528 656 -0.0392 -4.1655 116.4069
560 656 -0.2066 -4.1284 85.1885
592 656 -0.1431 -3.5473 67.3868
624 656 -0.1870 -1.6846 63.2033
656 656  0.1399 -1.5253 12.6260
688 656 -0.0711 -0.0594 12.9653
720 656 -0.0289     NaN 23.4569
752 656  0.0000  0.0000 16.1629
784 656  0.0000  0.0000 13.3232
816 656  0.9275  5.8861 15.4823
848 656  1.1706 -0.1999 13.1688
880 656  1.3506  0.0532 11.9238
912 656 -0.1411 -0.0782 13.4460
944 656 -0.4261 -0.2089 14.5273
976 656  0.3799 -0.2144 20.1249
 16 688 -0.2081     NaN 34.4968
 48 688 -0.1024 -0.1689 41.2873
 80 688  0.0406 -0.0566 41.1357
112 688 -0.2872 -0.1013 38.0810
144 688 -0.0200  0.0018 18.2045
176 688  0.1608  0.0766 20.5012
208 688 -0.0127 -0.0205 26.7445
240 688 -0.0064  0.0728 40.8451
272 688 -0.0222  0.0023 52.1653
304 688  0.0430 -2.4793 38.8618
336 688  0.2190 -3.5076 57.2383
368 688  0.1968 -4.0840 64.0226
400 688  0.2606 -4.1651 99.8613
432 688  0.1665 -4.2064 82.2635
464 688  0.1917 -4.1424 73.2565
496 688  0.0146 -4.0653 70.0258
528 688  0.1122 -4.1741 65.4132
560 688 -0.0457 -3.9977 75.4856
592 688 -0.3005 -3.7774 84.1326
624 688 -0.2249 -2.1533 55.7151
656 688  0.0374 -0.6369 18.0427
688 688  0.0174  0.6097 11.6360
720 688 -0.5294  0.0943 15.6037
752 688  2.2352 -10.2433 15.4457
784 688 13.0891     NaN 12.1129
816 688  0.0000  0.0000 11.8060
848 688 -5.0617  0.4056 10.6731
880 688  0.1204 -0.9415 13.9135
912 688 -0.0194  0.0083 34.2289
944 688 -0.0713  0.0281 16.1858
976 688  0.2512  0.8940 22.7292
 16 720 -0.1644  0.3282 39.0695
 48 720  0.0809  0.0744 49.4137
 80 720  0.0498  0.0354 29.6726
112 720 -0.0336 -0.0342 16.4718
144 720  0.0042 -0.0735 15.2281
176 720 -0.1786  0.2168 29.9669
208 720  0.0543  0.0137 29.5394
240 720  0.0362 -0.0379 33.9813
272 720  0.0129 -0.0085 33.3888
304 720  0.0361 -1.9759 35.4707
336 720  0.1082 -3.5030 57.0474
368 720  0.2368 -3.9456 56.0612
400 720 -0.0183 -4.0503 74.2689
432 720  0.0822 -4.1191 79.8595
464 720 -0.0383 -4.0311 72.3652
496 720 -0.0654 -4.0661 63.5625
528 720  0.0715 -3.9739 80.7431
560 720  0.0000  0.0000 54.1959
592 720 -0.2647 -3.7501 80.8709
624 720 -0.1480 -2.5690 77.4130
656 720  0.1697 -0.3401 50.8762
688 720 -0.0240  0.8940 11.2079
720 720  0.2910 -9.1733 15.1840
752 720 -0.0032  4.0506 11.5713
784 720     NaN     NaN 13.6455
816 720 -2.8618 -6.1036 16.3216
848 720  0.0000  0.0000 13.2425
880 720  0.0498 -3.0180 13.7667
912 720  0.5686 -0.0544 14.1660
944 720 -0.0292 -0.1867 12.5000
976 720  0.1212 -0.0904 11.9277
 16 752 -0.1633  0.1282 26.5557
 48 752 -0.0233  0.0041 15.8707
 80 752 -0.1059 -0.0974 15.2601
112 752  0.0172 -0.0193 14.4167
144 752  0.0776  0.0353 19.8906
176 752  0.0390 -0.1021 16.5966
208 752  0.0506 -0.0160 26.7172
240 752 -0.0409  0.0416 42.8334
272 752  0.1246 -5.9206 32.2039
304 752  0.0000  0.0000 48.1763
336 752  0.2408 -3.4540 51.8905
368 752  0.3106 -3.2138 51.4436
400 752  0.1641 -3.9040 68.2046
432 752  0.0405 -4.0843 79.3789
464 752  0.1523 -3.9571 84.6514
496 752 -0.0409 -4.0159 94.8552
528 752 -0.0718 -3.7921 75.5821
560 752 -0.1816 -3.7985 76.4856
592 752 -0.2265 -3.4342 65.9934
624 752 -0.1703 -2.7186 65.2122
656 752  0.0628 -0.3526 29.7839
688 752  0.1852  0.3314 10.9996
720 752  1.0981  2.1590 12.7131
752 752 -0.9027     NaN 17.4504
784 752 -5.1239  1.1020 12.2656
816 752 -14.0357     NaN 16.2892
848 752 12.1073     NaN 13.4614
880 752 -3.8115 -7.7948 18.9352
912 752 -2.0096 -0.0972 16.1379
944 752  0.7921  0.0206 17.3729
976 752 -0.2965  0.0558 15.3000
 16 784  0.0266  0.0878 13.2356
 48 784  0.0497  0.0685 13.7128
 80 784 -0.0377 -0.0167 16.5803
112 784 -0.0162  0.0329 27.6225
144 784 -0.0155  0.1044 21.4050
176 784 -0.0752  0.0555 20.0965
208 784 -0.0177 -0.0166 31.1819
240 784  0.0598 -0.1019 56.5172
272 784  0.3494 -1.1615 41.6373
304 784  0.2018 -2.5474 58.4592
336 784  0.2447 -3.6658 59.6313
368 784  0.1369 -3.7120 62.3905
400 784 -0.0247 -3.8405 49.5398
432 784  0.0775 -4.0190 67.7461
464 784 -0.0098 -3.9500 63.0401
496 784 -0.1235 -3.9406 77.0078
528 784 -0.1717 -3.9207 80.9319
560 784 -0.0213 -3.4459 35.3169
592 784 -0.0874 -3.2928 42.6633
624 784  0.0131 -2.4896 60.2444
656 784 -0.0024 -0.2927 32.0764
688 784 -0.2400 -2.7043 16.3994
720 784  0.0430 -1.8757 12.1605
752 784 -2.0850  0.1310 16.1951
784 784  0.0000  0.0000 11.0749
816 784 -2.8812 -3.7939 14.1293
848 784 -0.0414 -4.0097 16.9297
880 784 -2.1789     NaN 14.3147
912 784 -1.5382     NaN 15.4583
944 784 -1.0707 -0.2382 17.9692
976 784 -0.0979  0.2200 15.1057
 16 816  0.0784 -0.0979 20.9477
 48 816  0.0240  0.2062 34.8973
 80 816 -0.0855  0.0752 29.9433
112 816 -0.0283 -0.0182 23.0550
144 816 -0.0116  0.0408 35.9095
176 816  0.0251  0.1263 30.2001
208 816  0.1159 -0.1438 38.4009
240 816  0.0709 -0.0975 37.1351
272 816  0.0142 -0.2429 38.6114
304 816  0.0580 -3.0036 60.7191
336 816  0.0478 -3.4302 39.7784
368 816  0.2911 -3.7143 73.1429
400 816  0.0890 -3.6020 55.4226
432 816  0.0610 -3.8870 63.2839
464 816  0.0233 -3.8992 68.7594
496 816 -0.0511 -3.9668 68.4459
528 816 -0.0553 -3.8243 68.5409
560 816 -0.1413 -3.6412 56.9688
592 816 -0.3306 -3.6344 58.6987
624 816 -0.1556 -2.7425 71.2602
656 816 -0.1189 -1.0505 42.8594
688 816 -0.0615 -0.1610 11.1899
720 816  0.0356 -1.3943 11.4743
752 816  0.0000  0.0000 12.4221
784 816  3.2322     NaN 12.2395
816 816 -0.1987 -5.8113 18.1306
848 816 -1.0309 -1.9803 17.8026
880 816 -1.4760 -0.1271 17.9298
912 816 -2.1062  0.1693 20.0219
944 816  0.2131     NaN 19.7738
976 816  0.1941  1.9436 19.9396
 16 848  0.2449 -0.2272 29.1030
 48 848  0.0082 -0.0295 23.2641
 80 848 -0.0096  0.0149 18.2463
112 848  0.0465  0.0656 38.8702
144 848  0.0665 -0.0192 40.9569
176 848 -0.0378 -0.0243 44.5457
208 848  0.0282 -0.0023 36.5649
240 848 -0.0952 -0.1281 22.3287
272 848  0.1388 -0.6449 30.9010
304 848  0.1215 -2.9732 50.4015
336 848  0.2912 -3.4279 44.3265
368 848  0.1862 -3.7365 59.1761
400 848  0.1294 -3.8717 52.0784
432 848  0.1380 -3.7797 42.6364
464 848 -0.0504 -3.8525 72.6068
496 848 -0.0266 -3.7196 70.1922
528 848 -0.1177 -3.6056 70.6929
560 848 -0.1231 -3.7118 36.4738
592 848 -0.2286 -3.6377 71.8068
624 848 -0.2357 -2.7788 72.4793
656 848 -0.1777 -0.2267 74.6189
688 848 -0.0030 -1.8704 12.5106
720 848  0.1690 -1.3177 11.4799
752 848  0.0489 15.9488 15.0366
784 848 -4.8539     NaN 10.0641
816 848 -0.3638     NaN 13.0482
848 848 -1.9051     NaN 19.7915
880 848 -2.9346     NaN 17.2107
912 848     NaN     NaN 15.3763
944 848  4.2273     NaN 17.8490
976 848 -2.9955     NaN 16.5466
 16 880  0.0215  0.1087 31.7422
 48 880 -0.0811  0.1115 18.9229
 80 880 -0.0748  0.0680 27.6007
112 880  0.2542 -0.0798 48.0780
144 880 -0.0453     NaN 49.3299
176 880 -0.0474 -0.1171 52.7693
208 880  0.0433 -0.0008 28.8861
240 880  0.0127 -0.0024 20.9610
272 880  0.0704 -0.3720 35.4203
304 880  0.2984 -2.8885 49.6434
336 880  0.1395 -3.4021 55.5991
368 880  0.1568 -3.5889 65.7989
400 880 -0.0285 -3.9042 60.5270
432 880  0.0598 -3.7979 59.9726
464 880 -0.0265 -3.7415 62.6756
496 880  0.0357 -3.8331 63.0940
528 880 -0.1039 -3.7387 51.5245
560 880 -0.0543 -3.5469 57.3678
592 880 -0.4315 -3.4520 70.6334
624 880 -0.1953 -2.9565 70.8478
656 880 -0.1001 -0.6333 65.7828
688 880 -0.4012 -1.4678 16.4808
720 880 -0.0367  0.3656 12.5261
752 880 -0.1688     NaN 15.7697
784 880  1.1182     NaN 16.6785
816 880     NaN     NaN 14.3565
848 880  1.9842     NaN 13.0475
880 880  5.7430     NaN 14.0039
912 880 12.0771     NaN 16.0306
944 880  0.8858     NaN 14.2611
976 880 -0.4278 -0.3984 19.0589
 16 912 -0.1595  0.0815 17.6962
 48 912 -0.0335  0.0329 16.4543
 80 912  0.1940 -0.0444 23.2529
112 912     NaN  0.1674 34.0388
144 912  0.0291  0.0603 57.1519
176 912 -0.0421 -0.0378 62.3761
208 912  0.0150 -0.0511 33.7917
240 912  0.0447 -0.0035 23.2263
272 912 -0.2136 -0.7301 60.2535
304 912  0.2950 -2.8767 57.9300
336 912  0.1824 -3.4059 60.7221
368 912  0.1780 -3.5469 57.4918
400 912  0.2046 -3.6262 75.3447
432 912  0.0871 -3.5586 53.6502
464 912 -0.0339 -3.5923 64.6198
496 912 -0.0826 -3.6389 38.7218
528 912 -0.0155 -3.7216 52.9123
560 912 -0.0376 -3.6897 64.0358
592 912 -0.1669 -2.9993 80.1481
624 912 -0.3641 -2.6957 53.0271
656 912 -0.0855 -0.7985 50.3728
688 912 -0.0809 -1.0418 12.9911
720 912  0.0179  0.0489 13.5768
752 912  0.0289  1.9664 17.0595
784 912  0.3031  0.0239 18.6620
816 912 -0.0226     NaN 17.0044
848 912  1.9732     NaN 15.4929
880 912 -3.2788     NaN 11.8083
912 912 -3.6042     NaN 10.6286
944 912 -0.0331     NaN 13.6527
976 912  0.9368     NaN 14.5350
 16 944 -0.2385 -0.2361 16.7666
 48 944 -0.0097  0.1548 15.2851
 80 944 -0.0353  0.0871 25.5979
112 944 -0.0495 -0.0197 42.1175
144 944 -0.1192  0.0102 48.5444
176 944  0.0283 -0.0961 51.3871
208 944 -0.0453 -0.0499 36.0129
240 944  0.0504  0.0333 24.1755
272 944  0.2200 -1.0653 55.1975
304 944  0.3405 -3.1802 65.2340
336 944  0.2545 -3.2104 55.7901
368 944  0.0924 -3.3377 51.1022
400 944  0.0549 -3.4225 72.4365
432 944  0.0179 -3.5025 63.6519
464 944  0.0674 -3.2192 53.7652
496 944  0.0431 -3.5055 67.8156
528 944  0.0096 -3.6466 64.4168
560 944 -0.0928 -3.5026 42.5263
592 944 -0.1439 -3.2325 46.6282
624 944 -0.2613 -3.0027 47.4907
656 944  0.0272 -1.6548 52.2851
688 944 -0.0219 -0.7927 15.3796
720 944 -0.0280  0.0224 13.4176
752 944 -1.8687 -2.6693 20.5824
784 944  6.1397  0.2622 13.1362
816 944  3.0674  0.7385 15.7023
848 944  0.0072  0.0659 82.7585
880 944 -0.0526  0.0214 46.1413
912 944  0.2058     NaN 23.3275
944 944     NaN     NaN 17.2974
976 944  0.1911 -0.1933 17.7384
 16 976 -0.0467  0.0378 17.3085
 48 976  0.0529  0.0193 24.4533
 80 976 -0.0244 -0.0876 19.1326
112 976  0.1256  0.0178 20.6429
144 976  0.0305  0.0939 34.0409
176 976  0.0151 -0.0446 51.9763
208 976  0.0703 -0.0270 43.0385
240 976  0.0635 -0.0081 21.5740
272 976  0.0236 -2.3511 49.2924
304 976  0.0938 -3.0034 57.9228
336 976  0.3196 -3.2050 50.7674
368 976  0.1205 -3.3407 41.4523
400 976  0.0054 -3.5063 41.8799
432 976  0.1520 -3.5698 67.5887
464 976  0.0222 -3.3806 64.3578
496 976  0.1531 -3.5108 71.1720
528 976  0.1527 -3.5144 59.9930
560 976 -0.2029 -3.4620 46.6958
592 976 -0.1719 -3.2677 41.9357
624 976 -0.2256 -2.6770 50.0751
656 976  0.0000  0.0000 41.8609
688 976  0.1213 -0.8275 29.1727
720 976  0.0165 -0.0368 12.2737
752 976  0.0178 -0.0831 15.6884
784 976     NaN -4.0742 16.6070
816 976     NaN  0.4289 16.0268
848 976 -0.0858 -0.1513 19.1344
880 976  1.3163     NaN 17.4466
912 976 -0.0546     NaN 17.9758
944 976  1.7704     NaN 15.4674
976 976  1.8153 -3.8183 20.4931
 16 1008  0.0139  0.0038 14.7320
 48 1008  0.0043 -0.0117 14.7051
 80 1008 -0.0017 -0.0098 14.4168
112 1008 -0.0118 -0.0089 14.3679
144 1008 -0.0050  0.0113 14.2261
176 1008 -0.0186 -0.0054 14.6347
208 1008 -0.0048 -0.0061 15.0854
240 1008  0.0593  0.0117 18.1993
272 1008  0.6100 -0.4221 18.3203
304 1008  0.0324 -0.1729 16.4007
336 1008  0.6397 -0.3026 15.2737
368 1008  0.2641 -0.3175 14.0503
400 1008  1.8205  0.0489 14.9649
432 1008  0.2283 -3.0117 16.0814
464 1008  0.0001 -0.1958 14.6765
496 1008 -0.0640 -2.9018 13.2138
528 1008 -0.1230 -2.8778 14.3937
560 1008 -0.4700 -1.8335 21.7171
592 1008 -0.0522 -0.0600 15.5410
624 1008 -0.1785 -2.7393 19.4653
656 1008 -0.3243 -0.3133 15.2159
688 1008  0.0288 -0.0351 17.6569
720 1008  0.0391 -0.0038 18.6856
752 1008  0.0287 -0.0105 14.6385
784 1008 -0.0214 -0.0002 14.5124
816 1008 -0.0047  0.0044 14.6431
848 1008  0.0103  0.0055 14.7196
880 1008 -0.0271  0.0033 14.7914
912 1008 -0.0303  0.0249 16.7945
944 1008 -0.0147 -0.0029 21.3479
976 1008  0.0004 -0.0014 19.7292
