 16  16 -0.1558 -0.4948 55.4585
 48  16 -0.2893 -0.4878 61.9245
 80  16 -0.3405 -0.4792 55.9484
112  16 -0.0053 -0.5004 57.9365
144  16 -0.1034 -0.4946 62.1117
176  16 -0.0834 -0.5016 57.9843
208  16 -0.0760 -0.4938 57.7749
240  16 -0.0586 -0.5037 56.7710
272  16 -0.0198  0.1091 62.2687
304  16  0.0807 -0.4577 61.4048
336  16 -0.0533 -2.2404 63.3345
368  16  0.0513 -2.3576 62.6902
400  16 -4.7712 -0.6225 60.8126
432  16 -3.6560  0.0000 39.1145
464  16 -1.4068  0.0000 35.1004
496  16  0.0947 -4.7762 23.8971
528  16  0.2685 -6.6860 59.0501
560  16  0.8316 -5.0215 38.7219
592  16  0.0701 -0.8642 68.7077
624  16 -0.1643 -0.0924 85.2282
656  16 -0.1705 -0.1661 86.3244
688  16 -0.0739 -0.1266 84.6455
720  16 -0.1209 -0.0248 87.0127
752  16 -0.0998 -0.1716 105.5486
784  16 -0.1362 -0.1329 78.2334
816  16 -0.0582 -0.2716 89.1808
848  16 -0.0648 -0.1873 86.1879
880  16 -0.0275 -0.2260 71.9003
912  16 -0.0446 -0.0496 73.9661
944  16 -0.0059  0.0169 70.0175
976  16 -0.0006 -0.0605 97.0562
 16  48 -0.4834  0.1134 14.5291
 48  48 -0.4557 -0.0742 37.7488
 80  48 -0.5212  0.0222 17.7849
112  48 -0.5127  0.1374 44.9124
144  48 -0.4454  0.1686 72.2186
176  48 -0.4815  0.3499 24.5652
208  48 -0.2217  0.1393 18.0747
240  48  0.2118  0.0475 15.8868
272  48 -0.0031  0.0449 22.1461
304  48  0.5053  0.4042 26.6565
336  48  0.3754 -0.1957 22.9305
368  48  0.0956 -4.1033 31.7741
400  48  0.8573 -5.4883 41.9894
432  48  0.7193 -6.2306 21.6670
464  48  0.1781 -6.4259 34.5951
496  48  0.1380 -6.6375 31.8074
528  48  0.2180 -6.3670 15.4580
560  48  0.2744 -5.8010 17.6974
592  48 -0.0152 -1.5710 13.1117
624  48 -0.0825 -0.0876 24.0922
656  48 -0.1759  0.1040 71.1848
688  48 -0.1027  0.0074 115.8842
720  48 -0.1631  0.1250 111.2429
752  48 -0.0911  0.1174 98.5649
784  48 -0.1414  0.0237 88.5180
816  48 -0.1155 -0.0895 71.2222
848  48 -0.1271  0.0527 121.0559
880  48  0.0079 -0.0237 105.7955
912  48  0.0359 -0.0737 107.6229
944  48 -0.0060 -0.0827 99.4682
976  48  0.0059 -0.0185 124.5453
 16  80 -0.4679  0.1926 49.2823
 48  80 -0.3797 -0.0114 49.6696
 80  80 -0.5411 -0.0432 60.0881
112  80 -0.3430  0.1921 41.7433
144  80 -0.3147  0.1249 38.8148
176  80 -0.2247  0.0720 30.2543
208  80 -0.2323  0.0863 68.8559
240  80 -0.0160  0.1581 65.6225
272  80  0.0791  0.0224 34.5115
304  80  0.1947  0.1218 19.3579
336  80  0.3361 -0.1073 19.4814
368  80 -0.0770 -1.0530 12.2533
400  80  0.6124 -5.7944 17.6412
432  80  0.1524 -6.1099 24.3461
464  80  0.8956  0.0000 10.6053
496  80  0.5889 -6.0743 14.5236
528  80  0.2609 -6.2426 24.6129
560  80 -0.0229 -1.3188 12.6278
592  80 -1.0224 -0.2260 12.1138
624  80 -1.1656  0.1900 12.6927
656  80  0.7539  3.0761 12.6263
688  80 -0.0848 -0.8786 11.7104
720  80 -0.1322  0.1917 33.8882
752  80 -0.0313  0.1651 12.7011
784  80  0.1640  1.1412 11.2338
816  80 -0.9694  0.1306 11.1836
848  80  0.0585 -0.0183 13.4088
880  80  0.0085 -0.0713 16.4914
912  80 -0.6755 -0.0497 11.9232
944  80 -0.1780  0.0083 36.2472
976  80  0.0326 -0.0030 123.4793
 16 112  0.0033  0.1747 35.9988
 48 112 -0.1121  0.0239 37.4366
 80 112 -0.0442  0.0491 24.8426
112 112  0.0764 -0.0138 22.6737
144 112 -0.0793  0.0851 26.4933
176 112  0.0261  0.0894 19.3369
208 112 -0.0569 -0.0044 22.9495
240 112 -0.0155  0.0113 26.7111
272 112  0.0443 -0.0327 25.8730
304 112  0.1700  0.0664 28.9733
336 112 -0.0222 -0.0561 20.7847
368 112 -0.0083  0.0013 35.9772
400 112  0.3449 -5.8122 47.8764
432 112 -3.2491 -3.6333 34.9077
464 112  0.2652 -6.1422 45.8607
496 112  0.6922  0.0000 41.7713
528 112  0.2251  0.0000 31.7325
560 112 -0.3293 -4.2727 40.3369
592 112  0.0154  0.0375 20.8101
624 112 -0.0367 -0.0019 15.5895
656 112  0.1447 -0.0230 15.1957
688 112  0.0082  0.0093 17.5688
720 112 -0.0490  0.0576 17.8577
752 112  0.0073 -0.0140 21.3855
784 112 -0.0385  0.0457 17.9399
816 112 -0.0253  0.0299 17.0749
848 112 -0.0124  0.0036 27.3195
880 112 -0.0098  0.0144 18.7195
912 112 -0.1369 -0.1235 15.5996
944 112  0.0581  0.0861 17.4246
976 112  0.1044  0.0713 20.6263
 16 144  0.2259 -0.3138 16.3109
 48 144 -0.2777 -0.4041 15.7524
 80 144  0.3270 -0.0141 13.7383
112 144  0.2217  0.0448 13.0865
144 144  0.1035 -0.0376 13.3985
176 144 -0.0903  0.0811 13.0828
208 144  0.1364 -0.0246 13.0171
240 144  0.2322  0.0121 12.3557
272 144  0.0729  0.1350 12.9399
304 144  0.1954  0.1488 13.0141
336 144 -0.0563 -0.0591 69.3327
368 144  0.5734 -4.7830 37.4637
400 144  0.3221 -5.7995 47.5067
432 144  0.3772 -6.2427 53.2370
464 144  0.2301 -6.2200 53.6073
496 144  0.1280 -5.9286 42.1472
528 144  0.1561 -6.1047 45.8294
560 144 -0.0036 -5.3962 59.6029
592 144 -0.0255 -0.0565 56.5686
624 144 -0.8953  0.0051 13.6748
656 144  0.0445  0.0791 13.2774
688 144 -0.3883 -0.0440 12.1846
720 144 -0.2774 -0.0622 11.9491
752 144 -0.1502 -0.0175 11.3998
784 144  0.0831  0.0046 12.3529
816 144  0.3941  0.0225 11.7163
848 144 -0.0472 -0.0435 12.5003
880 144 -0.0067 -0.0475 12.0927
912 144 -0.1640 -0.0147 12.2542
944 144 -0.0829 -0.0540 12.0186
976 144 -0.0598 -0.0377 12.5774
 16 176 -0.0193  0.0060 12.1043
 48 176  0.0020 -0.0650 12.2447
 80 176  0.1289  0.1045 12.5068
112 176  0.0003  0.0221 12.3649
144 176  0.0387  0.0188 12.0171
176 176  0.0144  0.0334 11.3252
208 176  0.1469  0.0485 11.3513
240 176 -0.5729  0.0812 11.2970
272 176  0.0264  0.0896 11.3950
304 176 -0.0348 -0.1146 12.2880
336 176 -0.2390  0.0376 25.1887
368 176  0.3861 -4.5812 63.2834
400 176  0.3861 -5.9332 66.8167
432 176  0.4122 -6.0241 48.5676
464 176  0.2184 -6.1189 68.4231
496 176  0.0806 -6.1664 56.1274
528 176 -0.0572 -5.9939 66.4243
560 176 -0.3793 -4.5313 49.7140
592 176  0.0498 -0.0262 51.7116
624 176  0.0949  0.0715 11.8363
656 176  0.0147  0.0526 11.4954
688 176 -0.2179 -0.1141 11.1213
720 176 -0.0038  0.0279 11.4117
752 176 -0.2087  0.0644 10.9137
784 176 -0.1863  0.1501 10.9696
816 176  0.0620  0.0991 11.0008
848 176  0.0108  0.0211 11.2241
880 176 -0.0621  0.0619 11.0795
912 176  0.0730 -0.0091 11.3212
944 176 -0.0118  0.0096 11.7082
976 176  0.0062  0.0256 11.6132
 16 208  0.0603 -0.0209 13.5715
 48 208 -0.0001  0.0563 13.7989
 80 208 -0.0747 -0.0510 15.5784
112 208 -0.0378 -0.0652 16.3661
144 208 -0.3120  0.0839 14.6323
176 208  1.7018  0.8888 12.5867
208 208 -0.2206 -0.0316 14.8301
240 208  0.0375 -0.1056 13.2951
272 208  0.1090  0.0193 13.4387
304 208 -0.0055  0.0255 17.5514
336 208  0.0550 -0.2145 26.6083
368 208  0.4763 -4.6232 29.2868
400 208  0.2854 -5.7665 62.6291
432 208  0.2809 -5.9124 58.4839
464 208  0.2925 -6.0586 61.8704
496 208  0.0259 -5.9500 73.0357
528 208 -0.1226 -5.8609 70.7018
560 208 -0.1858 -5.3167 64.2760
592 208 -0.0472 -0.1569 33.1804
624 208  0.0513 -0.0263 13.9701
656 208 -0.0848 -0.0288 16.4390
688 208 -0.1298  0.0707 15.9139
720 208 -0.0831  0.0748 16.5066
752 208 -0.0722  0.0355 15.5371
784 208  0.0036  0.0516 13.4401
816 208 -0.2121  0.0765 12.2845
848 208  0.8321  0.0195 12.6394
880 208 -1.1433  0.1120 12.1747
912 208  0.8838  0.1099 12.3352
944 208 -0.0450 -0.0144 13.7023
976 208 -0.0009 -0.0100 13.5666
 16 240 -0.0818  0.0338 16.3672
 48 240 -0.0462  0.1490 14.9633
 80 240 -0.0661  0.0145 15.2975
112 240  0.0107 -0.0763 14.5698
144 240  0.0383  0.1214 13.1543
176 240 -0.0157 -0.0550 16.5875
208 240  0.0712  0.0031 16.3652
240 240 -0.5150  2.6961 13.4068
272 240 -0.0619  0.1007 20.8707
304 240 -0.0850 -0.0368 23.0632
336 240 -0.1182 -0.0193 30.0725
368 240  0.4305 -4.3266 56.7262
400 240  0.6708 -5.2652 61.8747
432 240  0.1972 -5.5954 56.8073
464 240  0.1178 -5.7255 79.0591
496 240  0.0204 -5.7635 74.6522
528 240 -0.2636 -5.5966 59.4094
560 240 -0.2740 -4.6009 63.4636
592 240 -0.0134 -0.3041 50.4661
624 240 -0.0245 -0.0110 13.3586
656 240 -0.1484  0.0017 33.0252
688 240 -0.1863  0.0350 80.3324
720 240 -0.1516 -0.1334 79.5877
752 240 -0.1625  0.0187 76.7312
784 240 -0.0748  0.0749 62.9660
816 240 -0.1023 -4.0240 31.0808
848 240  0.1132 -1.1908 15.3507
880 240  0.7451  0.0000 10.4945
912 240  0.3114  0.0000 10.9529
944 240  0.2219 -0.8283 14.9753
976 240 -0.0160 -0.0742 13.8459
 16 272  0.1251  0.0671 27.9447
 48 272 -0.0399  0.0830 31.9187
 80 272 -0.0273  0.0231 34.9398
112 272 -0.1215 -0.0555 27.9172
144 272 -0.0796  0.2331 35.6639
176 272  0.1414  0.0191 35.5654
208 272  0.0893 -0.1078 21.9994
240 272 -0.0757 -0.0371 12.8641
272 272 -1.8961  1.0236 16.9865
304 272 -0.1670 -0.0877 16.8661
336 272 -0.1340 -0.2972 26.6999
368 272  0.3944 -4.8700 47.8061
400 272  0.3141 -5.5390 64.3106
432 272  0.3349 -5.6396 78.0547
464 272  0.1032 -5.6832 66.3632
496 272 -0.1006 -5.5424 52.2388
528 272 -0.2841 -5.5601 54.3569
560 272 -0.6617 -0.1490 53.9200
592 272  0.1051 -0.2547 44.9223
624 272  0.0821  0.0078 13.2008
656 272 -0.1142 -0.0170 34.9609
688 272 -0.1562 -0.0126 48.2472
720 272 -0.1877 -0.0275 75.6696
752 272 -0.2006 -0.0635 78.1104
784 272 -0.2004 -0.0855 56.5353
816 272 -0.1919  0.1969 19.6433
848 272 -0.1114 -8.9082 13.8145
880 272  0.7032  0.0000 11.2765
912 272  0.8157  0.0000  8.1075
944 272  1.6769  0.1584 12.1872
976 272  0.2757  0.1358 14.1211
 16 304 -0.0930  0.0690 40.5082
 48 304  0.0905  0.1132 45.0115
 80 304  0.1840 -0.0835 48.6810
112 304  0.1427 -0.1599 42.9378
144 304 -0.0798 -0.2311 46.8647
176 304  0.0331  0.0462 39.7167
208 304 -0.0631  0.0615 34.1025
240 304 -0.0844 -0.0638 14.5436
272 304 -0.0796  0.1961 15.0268
304 304  0.0457 -0.1344 17.0931
336 304  0.7990  3.0100 32.1292
368 304  0.5275 -4.9422 76.4816
400 304  0.3557 -5.2248 80.3814
432 304  0.2064 -5.4676 75.3230
464 304  0.0278 -5.3215 95.9341
496 304  0.0319 -5.4362 96.4790
528 304 -0.1904 -5.4085 86.2273
560 304 -0.2908 -4.8235 67.1413
592 304 -0.1512 -0.2423 47.5274
624 304  0.0199 -3.7014 29.1037
656 304 -0.1488 -0.0768 29.4568
688 304 -0.1678 -0.0754 74.6528
720 304 -0.1300 -0.0000 56.0870
752 304 -0.2187 -0.0883 79.6302
784 304  0.0660 -0.0596 34.9344
816 304  0.0082 -0.3246 15.8730
848 304  0.0984  0.0000 10.3713
880 304  0.6440  0.0000 11.4786
912 304  1.2244  0.1619 12.9786
944 304 -0.5536 -0.1070 12.1838
976 304  0.0544 -0.0824 13.4545
 16 336  0.1465 -0.1826 45.3457
 48 336 -0.1204 -0.0543 41.7515
 80 336 -0.2090  0.0567 49.2460
112 336 -0.1128  0.0388 51.2909
144 336  0.0099 -0.0769 45.6386
176 336  0.0255 -0.1350 39.0012
208 336  0.0384 -0.0587 26.2596
240 336 -0.0930 -0.0582 15.1401
272 336 -0.1612  0.1081 20.9784
304 336  0.1309 -0.1848 15.6745
336 336  0.2576 -0.0510 45.3293
368 336  0.5573 -4.6098 58.8227
400 336  0.2611 -5.1278 69.9275
432 336  0.1358 -5.2724 87.2563
464 336  0.0230 -5.2065 89.2302
496 336  0.0063 -5.1876 83.2522
528 336 -0.1868 -5.0639 90.0075
560 336 -0.2223 -4.5707 70.1449
592 336 -0.0255 -0.4085 68.8661
624 336  0.0493 -0.0102 12.3516
656 336 -0.1054 -0.0560 64.1360
688 336 -0.1018 -0.0460 65.8480
720 336 -0.0886 -0.0513 41.3255
752 336 -0.1916 -0.0310 40.4558
784 336 -0.1602  0.0293 26.8651
816 336  0.8667  0.9668 13.6513
848 336  0.0118 -1.2045 11.6618
880 336 -0.2801 -1.1057 11.9255
912 336 -0.1460 -1.2807 12.9659
944 336 -0.4690  0.0000 17.2669
976 336 -0.1437 -0.8673 16.8156
 16 368 -0.1644 -0.4399 44.1903
 48 368 -0.2960 -0.0402 45.5306
 80 368 -0.1606 -0.0083 47.9847
112 368 -0.1410  0.0078 43.0776
144 368 -0.1228 -0.0264 56.3712
176 368 -0.0539 -0.0346 42.7185
208 368  0.0596 -0.0501 40.8387
240 368 -0.0787 -0.1259 14.4339
272 368 -0.3307 -0.6084 24.5996
304 368  0.1837 -0.1216 13.0768
336 368  0.5040 -2.7046 47.6886
368 368  0.3417 -4.6125 68.1211
400 368  0.2406 -5.1182 78.5720
432 368  0.2060 -5.1124 94.3433
464 368  0.0194 -5.1620 91.7516
496 368 -0.0607 -5.1632 87.8005
528 368 -0.0933 -4.8634 61.8564
560 368 -0.4168 -4.4316 75.0899
592 368 -0.3819 -2.6990 57.7594
624 368 -0.0368 -2.1415 11.9827
656 368  0.0164 -0.0423 25.2130
688 368 -0.3068 -0.1241 58.0879
720 368 -0.1958 -0.1212 38.6051
752 368 -0.0610 -0.0315 15.8937
784 368 -0.1193 -0.8779 11.4743
816 368 -1.3253 -0.0513 11.9245
848 368 -0.2749  1.0569 11.1152
880 368 -9.0063  0.0896  9.7837
912 368 -0.8492 -2.7182 11.8772
944 368 -3.2347 -4.6024 14.2587
976 368 -2.8237 -4.9297 19.9400
 16 400  0.0898 -0.0386 32.4623
 48 400  0.0005 -0.1504 39.5613
 80 400 -0.0551  0.0926 44.2517
112 400  0.0954  0.0074 52.0358
144 400  0.1270 -0.0003 36.5350
176 400  0.2219 -0.0739 39.0541
208 400 -0.0686 -0.0263 45.4320
240 400 -0.0448 -0.0118 14.1189
272 400  1.8821 -0.0165 15.7026
304 400 -0.0180  0.0208 18.4032
336 400  0.4347 -0.9730 43.3834
368 400  0.2448 -4.6260 74.3497
400 400  0.2494 -4.8299 46.9926
432 400  0.0265 -4.7803 77.7102
464 400  0.0919 -5.0031 89.6760
496 400 -0.0409 -4.9117 74.3569
528 400 -0.1458 -4.9454 61.0556
560 400 -0.2422 -4.4720 76.3219
592 400 -0.1794 -2.8739 63.0575
624 400 -0.1397 -1.9040 15.0520
656 400 -0.0781  0.0760 15.9682
688 400 -0.0976 -0.0919 43.0414
720 400 -0.0211  0.1429 35.0805
752 400 -1.3989  0.2447 14.8823
784 400 -7.9008  1.0769 13.7573
816 400  0.6029  1.6283 12.7874
848 400 -0.0595 -1.8425 14.9343
880 400  1.5570  4.7117 13.2867
912 400 -12.6173 -6.9305  9.8326
944 400 -4.2073 -4.7667 17.6100
976 400 -4.6798 -3.0892 15.0258
 16 432  0.1178 -0.0955 32.2882
 48 432  0.0624  0.0026 32.6888
 80 432 -0.0937 -0.0034 36.9878
112 432 -0.0496  0.1696 41.9494
144 432 -0.1215 -0.0046 37.8966
176 432 -0.0132  0.1438 33.7737
208 432 -0.0870  0.2682 46.5925
240 432 -0.0004 -0.1041 13.0228
272 432  0.3901  0.0413 18.5645
304 432 -0.1269 -0.1212 20.5021
336 432  0.2965 -3.2864 69.9320
368 432  0.2095 -4.4483 79.3100
400 432  0.3297 -4.7751 72.2492
432 432  0.0745 -4.8657 62.0372
464 432 -0.0873 -4.9079 90.9951
496 432  0.0320 -4.9264 90.7128
528 432 -0.1836 -4.8249 75.0306
560 432 -0.2978 -4.5910 81.6123
592 432 -0.1995 -2.5781 51.9006
624 432  0.0072 -0.9981 20.5453
656 432 -0.0404 -0.7605 14.3119
688 432  0.2570 -0.8992 14.2229
720 432 -1.1675  3.9285 15.8513
752 432 -0.2429  2.9194 12.7735
784 432 -3.0987  2.2494 15.8771
816 432  0.8741 -0.8806 13.1905
848 432  2.0982  1.0075 12.9025
880 432  1.2542 -0.0233 12.5441
912 432 15.0943  6.1542  9.8927
944 432  3.0528  0.0322 13.9717
976 432 -3.0166  0.1646 13.4494
 16 464 -0.0060  0.1431 41.0268
 48 464  0.1590 -0.0566 40.0353
 80 464  0.0537 -0.1496 35.9958
112 464 -0.0246 -0.0647 40.5802
144 464  0.0514  0.2040 31.0961
176 464 -0.1771  0.1144 28.3755
208 464  0.0821  0.1068 24.7254
240 464  0.0422 -0.0345 12.3928
272 464 -0.1436 -0.1751 22.7928
304 464  0.0043 -0.0410 26.0997
336 464  0.3242 -3.4149 40.6799
368 464  0.2736 -4.4807 78.0844
400 464  0.3165 -4.7585 89.8919
432 464  0.1161 -4.6878 82.7666
464 464 -0.0147 -4.8261 74.6083
496 464 -0.0254 -4.7676 61.5843
528 464 -0.1707 -4.7636 83.8832
560 464 -0.1784 -4.5022 51.7386
592 464 -0.2271 -3.2838 72.4088
624 464 -0.0150 -0.1691 41.5414
656 464  0.4459  0.3763 12.3535
688 464  1.1862  0.3583 10.9624
720 464  3.0063 -1.7902 14.5029
752 464 -2.0060 -5.1235 15.9588
784 464  1.5802  0.8571 13.6822
816 464  1.2370  0.6536 13.0997
848 464  0.9126  1.0370 13.7800
880 464 12.0394  9.1094 11.6953
912 464  4.9825  0.0000 10.1058
944 464  0.7867 -3.8731 16.2625
976 464  1.1826 -1.6509 16.1411
 16 496 -0.1255 -0.0876 33.5837
 48 496  0.0867 -0.0694 39.8861
 80 496 -0.0490 -0.1210 34.4081
112 496  0.0256  0.0558 33.9795
144 496  0.1593  0.0070 27.6237
176 496  0.1959  0.0570 27.2094
208 496  0.0438  0.0839 18.1063
240 496  0.0947 -0.0162 13.9268
272 496 -0.1129  0.2729 18.7511
304 496 -0.1070 -0.3489 23.6148
336 496  0.2894 -3.9726 83.9131
368 496  0.3825 -4.5262 70.4017
400 496  0.1853 -4.6346 75.2796
432 496  0.2174 -4.6660 63.5974
464 496 -0.0842 -4.5378 68.6079
496 496 -0.0599 -4.6829 70.7914
528 496 -0.0486 -4.6002 76.4790
560 496 -0.2364 -4.3266 61.7752
592 496 -0.1338 -2.9615 63.1483
624 496 -0.4062 -0.8433 65.8494
656 496  0.1371  1.1366 10.9422
688 496  0.0567 -1.3034 13.1430
720 496  0.8736 -3.0280 17.9703
752 496 -0.6841 -4.9730 10.2853
784 496  0.7813 -0.5305 12.2652
816 496 -0.3537  2.6933 13.6075
848 496  0.0547  2.4144 13.0366
880 496 -1.0126 -0.0535 11.9930
912 496  0.2357  1.3637 10.8150
944 496  1.8081  0.0854 12.6941
976 496 -5.0840 -1.9784 18.1261
 16 528  0.0861  0.0240 38.5915
 48 528  0.1674  0.0382 29.3143
 80 528  0.1754 -0.0360 28.3610
112 528 -0.0178 -0.0822 33.0327
144 528  0.0019  0.0709 32.8285
176 528  0.1595  0.0932 30.3291
208 528  0.1320 -0.0454 15.0465
240 528 -0.3944  0.2165 14.4214
272 528 -0.0036 -0.3379 17.5127
304 528  0.2767 -0.8015 25.9042
336 528  0.1451 -3.4475 76.3018
368 528  0.2215 -4.2542 66.8303
400 528  0.2802 -4.4315 72.1024
432 528  0.0073 -4.4634 67.0744
464 528  0.0830 -4.7700 66.6718
496 528 -0.1123 -4.5083 52.1688
528 528  0.7786 -0.9977 46.3468
560 528 -0.2835 -4.4308 56.2752
592 528 -0.2874 -3.2841 66.7615
624 528  0.0136 -0.2772 77.5169
656 528  0.0519  0.3352 11.6831
688 528  0.0260  0.0358 16.8076
720 528  0.1046 -0.0683 13.0351
752 528 -0.0092 -0.0778 14.2640
784 528 -4.0867 -1.4731 12.7866
816 528 -0.0478  1.2558 12.4420
848 528  0.7029  0.9663 12.8915
880 528  0.2274 -3.6678 17.0633
912 528  0.3633 -1.8325 12.4389
944 528  1.2100  0.0437 14.0145
976 528  0.7337 -0.2524 16.2965
 16 560 -0.0053 -0.7098 38.9013
 48 560 -0.0241  0.0231 42.4451
 80 560  0.1001 -0.1173 35.5479
112 560 -0.0412  0.2043 29.6259
144 560  0.1378  0.0384 25.9296
176 560 -0.0266 -0.0028 26.1606
208 560  0.1047  0.1362 13.8885
240 560 -0.0228  0.4483 19.8983
272 560 -4.9134  0.9478 13.3434
304 560 -0.0396 -0.1198 40.2658
336 560  0.3117 -3.7384 86.5015
368 560  0.1909 -4.2655 76.2635
400 560  0.1269 -4.3186 97.4109
432 560  0.1366 -4.4582 62.8141
464 560  0.0190 -4.3607 87.6096
496 560 -0.1385 -4.4015 66.9252
528 560 -0.0388 -4.4031 71.6017
560 560 -0.2641 -4.2707 78.1193
592 560 -0.3502 -3.1337 59.5768
624 560 -0.2195 -0.4634 49.9007
656 560 -0.0158  0.0176 17.1679
688 560 -0.1322 -0.0167 21.8616
720 560 -0.1170  0.0359 38.8931
752 560 -0.1970 -0.0072 25.4142
784 560  0.9454  3.1761 14.7351
816 560  0.0600 -1.0593 11.1536
848 560  0.0207 -5.0119 12.7239
880 560  0.9840  0.0000 12.1916
912 560  1.0719 -7.9526 16.7692
944 560  1.0269 -1.0915 16.7714
976 560  0.0901  1.6885 12.4051
 16 592  0.0444  0.2864 43.5377
 48 592  0.0408 -0.0155 32.9265
 80 592 -0.1668 -0.2030 51.5788
112 592 -0.1703  0.0544 33.5078
144 592  0.0158  0.0608 35.8967
176 592  0.1185 -0.1510 17.9368
208 592  0.0582 -0.0823 17.5319
240 592 -0.0534  0.0265 22.2450
272 592  0.0577 -0.1647 20.5636
304 592  0.1461 -0.1369 98.9567
336 592  0.1871 -3.7382 80.9142
368 592  0.3719 -4.1113 87.5143
400 592  0.2128 -4.3002 79.1736
432 592 -0.0175 -4.3737 86.7520
464 592 -0.0331 -4.3037 79.9455
496 592  0.0345 -4.3051 90.7541
528 592 -0.1222 -4.1395 88.9961
560 592 -0.4224 -4.1247 97.5234
592 592 -0.1634 -3.7703 75.6848
624 592 -0.1283 -0.8080 69.3989
656 592  0.0455 -0.0507 11.2795
688 592 -0.0321  0.0443 16.6503
720 592 -0.0112 -0.3246 55.5736
752 592 -0.0401 -0.1314 33.4331
784 592 -1.6375 -0.3166 14.4743
816 592  0.0494  1.1767 13.1127
848 592  0.1094  2.3092 19.1973
880 592 -0.1480 -1.1173 16.7234
912 592  0.1178 -2.9449 17.4234
944 592 -2.5234 -9.1307 15.5980
976 592 -0.9071 -2.6254 13.6376
 16 624 -0.0572 -0.0211 36.9507
 48 624 -0.1049 -0.0381 37.7588
 80 624 -0.0779 -0.0294 42.0005
112 624  0.0082  0.0752 31.3237
144 624 -0.0226 -0.0489 26.8396
176 624 -0.3700 -0.1188 16.6631
208 624  0.1919  0.1675 21.8777
240 624 -0.0337 -0.0532 30.0282
272 624 -0.2384 -0.0225 19.5571
304 624  0.1891 -2.3071 64.9239
336 624  0.2132 -3.6007 55.9425
368 624  0.2130 -3.9613 82.9355
400 624  0.1774 -4.1917 97.8514
432 624  0.0349 -4.0900 63.9326
464 624 -0.0420 -4.0049 83.4888
496 624 -0.0052 -4.1726 84.8841
528 624 -0.1903 -4.1637 77.8198
560 624 -0.1957 -4.0805 80.8391
592 624 -0.1321 -3.4758 70.3619
624 624  0.0923 -0.3532 54.3511
656 624  0.1166 -0.3924 11.2310
688 624 -0.0215  0.0160 13.8799
720 624 -0.1370  0.0195 45.4236
752 624  0.0845 -0.0914 22.5442
784 624 -5.8435  2.0499 13.9027
816 624  0.1422  1.3974 11.8038
848 624  0.1487  1.2010 11.6525
880 624  0.4424  1.3735 18.3022
912 624  0.1787  0.9874 14.7595
944 624 -0.1224  0.7577 18.2287
976 624  0.1581  0.0208 15.5703
 16 656 -0.1899  0.1143 32.6115
 48 656 -0.2795  0.2210 28.5599
 80 656 -0.2207  0.0590 42.4954
112 656  0.0412 -0.0199 34.5336
144 656 -0.0711  0.0629 21.4401
176 656 -0.1492  0.0074 13.6358
208 656 -0.2053 -0.0378 19.8995
240 656 -0.0886  0.0318 27.4824
272 656 -0.0159  0.0024 33.2434
304 656  0.2887 -1.7261 60.9938
336 656  0.3160 -3.5155 44.1234
368 656  0.2143 -4.0322 75.8450
400 656  0.1456 -4.1172 69.4092
432 656  0.0481 -3.9230 73.4857
464 656  0.0577 -4.1078 80.7741
496 656 -0.2025 -4.0794 81.4926
528 656 -0.0880 -3.9133 75.1270
560 656 -0.0191 -4.0720 69.8281
592 656 -0.0360 -3.6508 89.8608
624 656 -0.1328 -1.8979 68.1654
656 656 -0.0327 -1.2075 11.2554
688 656 -0.0537 -0.0038 12.6813
720 656 -0.4137  0.0058 21.7467
752 656 -8.2459 -3.8391 12.1474
784 656 -1.9754  0.7153 12.8197
816 656  9.1401  4.1656 11.8030
848 656  0.1904 -1.2919 14.3130
880 656  1.1092 -0.1060 12.2515
912 656  0.1592  0.0530 14.2522
944 656  0.1567 -0.0845 15.0392
976 656  0.9877 -0.1895 21.4780
 16 688  0.0343 -0.0169 37.2297
 48 688 -0.1033 -0.2168 29.8639
 80 688 -0.0264  0.0351 37.9512
112 688 -0.0148 -0.1713 34.2111
144 688 -0.0264 -0.1337 16.0996
176 688 -0.0423 -0.1694 18.1892
208 688  0.0145 -0.1501 20.9347
240 688  0.0537 -0.0020 34.7665
272 688 -0.0874  0.0155 38.7261
304 688  0.3167 -2.1856 78.5735
336 688  0.2209 -3.4421 65.7002
368 688  0.3409 -3.9311 78.4855
400 688  0.1245 -4.0015 93.9436
432 688  0.0859 -4.0140 62.6073
464 688  0.0766 -3.8679 78.7664
496 688 -0.0874 -4.0292 78.9279
528 688 -0.0562 -4.0052 85.3079
560 688 -0.0615 -3.9915 87.7831
592 688 -0.0630 -3.7312 66.5758
624 688 -0.2244 -1.9129 40.8015
656 688 -0.0931 -0.9505 16.8053
688 688 -0.0256 -0.6876 11.5663
720 688 -0.7037 -0.2420 15.2160
752 688 -7.0238  0.0000 12.4143
784 688 -14.7277 -10.9703 11.6589
816 688 -6.0078  0.9887 12.4969
848 688  0.2135  2.9026 14.6193
880 688 -0.1512  1.0385 14.0196
912 688 -0.0099 -0.0357 34.3166
944 688  0.2269 -0.0606 14.5229
976 688 -0.1023  0.1131 21.9688
 16 720 -0.0236 -0.0122 36.9752
 48 720  0.0206  0.1168 36.3373
 80 720  0.0928  0.0763 35.8939
112 720  0.0830  0.0630 18.6708
144 720  0.0468  0.0739 15.5213
176 720 -0.3176  0.4618 19.1449
208 720 -0.0519  0.0172 29.3055
240 720 -0.0499 -0.0119 31.7631
272 720 -0.0054  0.0096 28.7131
304 720  0.1496 -2.1654 82.8091
336 720  0.1822 -3.4325 58.5662
368 720  0.2709 -3.7930 76.2306
400 720  0.1418 -3.8336 75.7739
432 720  0.0469 -3.7461 65.8857
464 720  0.0064 -3.9179 42.8033
496 720 -0.0667 -3.9589 73.0136
528 720 -0.0949 -4.2050 80.0345
560 720 -0.3435 -3.9036 79.8034
592 720 -0.0312 -3.4887 73.9366
624 720 -0.0927 -2.2470 73.2807
656 720 -0.0159 -0.0937 28.3786
688 720 -0.0396  0.6379 11.1815
720 720  0.2757 -5.9219 15.7067
752 720 -12.2643 -11.2436 11.2686
784 720 -9.2888  5.2611 14.7090
816 720 -3.3893 -5.8314 14.0579
848 720  0.7040  9.0910 10.8693
880 720  0.0958  1.2210 12.8273
912 720  0.2142  0.4035 13.3768
944 720  0.6285 -0.0214 12.0427
976 720  0.2592 -0.0067 12.0011
 16 752  0.1041 -0.0504 30.5061
 48 752 -0.0361  0.0191 17.3275
 80 752 -0.0341 -0.1140 14.3159
112 752 -0.0612 -0.0042 14.3327
144 752  0.1951 -0.0535 20.1007
176 752  0.0761 -0.1581 16.3825
208 752  0.0235  0.0706 21.4492
240 752  0.0157  0.0943 36.3460
272 752 -0.0158  0.0038 21.2631
304 752  0.1013  0.0000 36.1580
336 752  0.1726 -3.5650 65.2682
368 752  0.1297 -3.8756 80.2967
400 752  0.1511 -3.8955 76.1330
432 752  0.0129 -3.8902 64.0184
464 752 -0.0261 -3.8768 68.5393
496 752  0.0244 -3.8315 71.7790
528 752 -0.2138 -4.0052 82.3700
560 752 -0.0700 -3.7052 76.0193
592 752 -0.1420 -3.3231 80.5382
624 752 -0.0430 -2.3257 79.1145
656 752  0.1021 -0.4858 46.0757
688 752 -0.0379  0.5984 11.0800
720 752  1.3751 -0.0647 12.5300
752 752 -0.1067  2.6920 19.2305
784 752 -3.1218  9.3677 12.6515
816 752 -6.6341  8.3419 13.6075
848 752 -6.0794 -0.8990 11.4810
880 752  5.7614  1.7563 14.9975
912 752  3.8601 -3.8415 16.8127
944 752 -1.6826  0.1230 14.5084
976 752 -0.8038 -0.2068 14.7399
 16 784 -0.0751  0.0724 12.9185
 48 784 -0.0876 -0.0003 13.0638
 80 784  0.1472  0.0020 16.5650
112 784  0.0441 -0.1575 31.5096
144 784 -0.0283 -0.0543 19.2503
176 784  0.0371 -0.0646 20.3865
208 784 -0.0774  0.0739 28.2668
240 784  0.0546  0.0525 46.6739
272 784  0.0279 -0.1578 21.2488
304 784  0.2128 -2.7360 62.4053
336 784  0.2470 -3.4461 76.4871
368 784  0.1013 -3.7723 52.9282
400 784  0.2036 -3.7261 75.0110
432 784 -0.0778 -3.7199 54.1980
464 784 -0.0496 -3.7814 73.7750
496 784 -0.0155 -3.7631 67.0640
528 784 -0.0290 -3.7845 79.8437
560 784  0.0420 -3.4562 49.7245
592 784 -0.2312 -3.2693 39.7439
624 784 -0.0619 -2.1968 40.8329
656 784 -0.1406 -0.3665 90.1552
688 784  0.0123 -0.5525 10.7166
720 784  1.2547  0.0797 12.4408
752 784  2.7692 -0.4042 13.4329
784 784 10.9692  1.1588 10.6629
816 784  8.1218 -2.0195 13.9337
848 784 -0.0158  1.7070 14.2071
880 784  0.0169 -3.8816 20.4363
912 784  2.1173 -1.0420 18.4398
944 784  0.8743  0.0964 18.8656
976 784 -2.0460  0.1027 14.2471
 16 816 -0.1299 -0.1355 22.2992
 48 816  0.2423  0.0547 28.1098
 80 816  0.0983  0.0762 23.1561
112 816 -0.0050 -0.0568 24.7528
144 816  0.1604 -0.0352 28.5217
176 816  0.0408 -0.0518 27.0166
208 816  0.1796 -0.2008 35.1709
240 816  0.0153 -0.0911 27.6653
272 816  0.2012 -0.5323 22.4533
304 816  0.2113 -2.7771 72.8262
336 816  0.1818 -3.2789 71.8479
368 816  0.1338 -3.6251 53.2926
400 816  0.1012 -3.7470 54.3634
432 816  0.1860 -3.7087 56.9409
464 816 -0.0285 -3.6202 47.8678
496 816 -0.0990 -3.8354 89.1032
528 816 -0.1388 -3.8052 77.6469
560 816 -0.1440 -3.7500 71.0978
592 816 -0.0021 -3.3231 73.1477
624 816 -0.1339 -2.8099 54.2141
656 816 -0.0929 -0.2226 55.2820
688 816  0.0097 -0.8910 11.3856
720 816  0.0873 -1.3704 13.9412
752 816 -0.4922  5.0277 12.8412
784 816  2.1050  7.8504 14.4739
816 816 11.1189  5.1831 11.9452
848 816 -1.3070  0.1392 14.5671
880 816  1.0350 -1.8400 12.0436
912 816  1.9009 -3.5288 16.4708
944 816 -1.6526 -1.3191 17.5364
976 816 -0.2038 -0.1607 16.9621
 16 848 -0.0024  0.0631 22.7905
 48 848  0.0594  0.0720 26.2159
 80 848  0.4098  0.0227 16.1531
112 848  0.2436 -0.1126 33.6890
144 848  0.0193 -0.0611 42.3312
176 848 -0.0726 -0.0216 38.5793
208 848 -0.1697 -0.0787 38.8863
240 848 -0.0574 -0.1048 19.5362
272 848  0.1701 -0.5898 53.7305
304 848  0.3137 -2.4862 82.3955
336 848  0.1271 -3.0099 64.0410
368 848  0.2257 -3.0273 48.4976
400 848  0.0686  0.0000 39.3973
432 848 -0.0960 -3.7522 48.1171
464 848  0.0375 -3.7400 61.1200
496 848  0.0894 -3.7833 81.9365
528 848 -0.0616 -3.8190 59.6336
560 848 -0.1518 -3.6949 54.7232
592 848 -0.2172 -3.4325 54.5343
624 848 -0.2039 -2.6026 67.9473
656 848 -0.0855 -0.6807 73.4907
688 848 -0.0397 -0.4334 11.1038
720 848  0.1146 -2.7424 10.7989
752 848 -9.1847 14.8417  9.4272
784 848 -5.9802 13.1830 12.4673
816 848  0.1125 14.9379 15.1559
848 848  3.9204 10.0191 15.3884
880 848 -4.8233  1.7376 15.5862
912 848  0.0693 -1.2922 18.2209
944 848 -0.0999 -2.0469 18.9471
976 848  0.0549  0.0139 18.7060
 16 880  0.0222  0.0376 30.9237
 48 880  0.0268 -0.1167 25.0146
 80 880 -0.0966 -0.1179 27.2363
112 880  0.0821 -0.0315 37.4588
144 880  0.0442  0.0080 42.3284
176 880  0.0116  0.0490 39.6525
208 880  0.0010  0.0164 32.4143
240 880 -0.0078  0.0143 21.3646
272 880  0.0555 -0.2020 35.6551
304 880  0.2331 -2.7796 46.6476
336 880  0.3039  0.0000 40.6071
368 880  0.1559 -3.0900 51.9271
400 880  0.1361 -3.6879 64.6381
432 880  0.0727 -3.7122 64.8435
464 880 -0.0168 -3.6632 56.6516
496 880 -0.1192 -3.5978 71.3981
528 880  0.0678 -3.5825 54.4341
560 880 -0.1145 -3.5210 49.2482
592 880 -0.2271 -3.3040 58.1277
624 880 -0.1142 -2.8132 52.0557
656 880  0.0056 -0.0382 75.7567
688 880  0.0247 -1.6227 12.5499
720 880  0.0352 -1.2453 12.0377
752 880  2.3843 -3.1796 15.2457
784 880  2.0798 -0.8262 19.6949
816 880 -3.8425  5.5657 14.0093
848 880 -1.9143 11.4651 12.7976
880 880  3.8404  8.4164 17.2784
912 880  0.8329  2.6633 17.5084
944 880  0.1473  0.3589 16.6714
976 880 -0.1873  0.0233 26.7980
 16 912  0.3598  0.2502 15.5847
 48 912 -0.0385 -0.0611 16.6665
 80 912  0.0778 -0.0467 32.8687
112 912 -0.0212 -0.0455 42.7933
144 912  0.0075  0.0211 62.2007
176 912 -0.1222  0.1723 61.2606
208 912  0.0402  0.0100 31.6526
240 912 -0.0577 -0.0072 21.5108
272 912 -0.0883 -0.7998 55.1080
304 912  0.0817 -2.6997 63.8839
336 912  0.1714 -3.1768 70.8251
368 912  0.2595 -3.2788 46.6459
400 912  0.0772 -3.3316 65.0852
432 912  0.0356 -3.3225 46.4212
464 912  0.1014 -3.4790 74.3334
496 912 -0.0319 -3.5584 57.9542
528 912 -0.1922 -3.3508 52.4419
560 912 -0.1013 -3.3217 56.9995
592 912 -0.1824 -3.2934 68.1571
624 912 -0.1387 -2.7529 63.4433
656 912 -0.1684 -1.2630 55.9237
688 912 -0.1561 -0.9031 14.8592
720 912  0.0229 -0.0883 13.7088
752 912  0.6489  0.1297 15.4028
784 912  2.0809 -0.1427 20.7273
816 912  3.9468 -4.1212 15.2423
848 912  0.0244  0.4959 14.6930
880 912  0.0359  4.7535 19.9242
912 912  4.0433  4.6778 12.3939
944 912  0.0853  1.8482 20.8634
976 912 -1.5702  1.1867 13.8913
 16 944 -0.0159  1.7465 15.9446
 48 944  0.0683  0.0193 15.6057
 80 944  0.0086 -0.1309 27.6207
112 944 -0.2219 -0.0204 29.4619
144 944 -0.0596 -0.0206 53.7937
176 944  0.0919 -0.0581 58.0971
208 944 -0.1200  0.0328 30.6067
240 944 -0.0555  0.0062 28.6110
272 944  0.0344 -1.8189 74.5359
304 944  0.2910 -2.6872 66.0582
336 944  0.2485 -3.3821 54.9309
368 944  0.2497 -3.0590 48.0762
400 944  0.1356 -3.4277 45.0290
432 944 -0.0074 -3.4235 34.6137
464 944  0.0055 -3.3651 48.2090
496 944  0.0884 -3.3110 66.8149
528 944 -0.0817 -3.4633 63.1926
560 944 -0.1181 -3.3134 71.3512
592 944 -0.2083 -3.2437 51.1680
624 944 -0.2593 -2.8836 61.5386
656 944 -0.1667 -0.3869 64.2532
688 944 -0.0566 -0.5389 13.5236
720 944 -0.0695  0.0255 13.2007
752 944 -2.1345  0.6819 15.9996
784 944  0.3215 -1.0909 13.6511
816 944 -0.1369  0.0531 19.3777
848 944 -0.0739 -0.0268 52.7710
880 944  0.0141 -0.0467 48.6280
912 944  0.3945  0.0691 20.1948
944 944  1.7752  1.3986 15.1470
976 944  1.9695 -0.0288 17.2985
 16 976  0.0481  0.0734 18.1787
 48 976 -0.0665 -0.1241 18.8509
 80 976 -0.1040  0.0641 17.7431
112 976  0.0941  0.0807 18.8190
144 976  0.0642 -0.0214 28.7894
176 976 -0.0001 -0.1329 46.7974
208 976  0.0310 -0.0738 40.6253
240 976  0.0193 -0.0076 19.4520
272 976  0.0406 -1.9378 42.6723
304 976  0.0738  0.0000 45.0056
336 976  0.2293 -3.3309 72.8152
368 976  1.2821 -0.4984 33.0574
400 976  0.0543 -3.3840 60.9867
432 976  0.0424 -3.1347 52.2111
464 976  0.1115 -3.3724 55.6557
496 976 -0.0213 -3.4592 64.9365
528 976 -0.0703 -3.4384 38.3739
560 976 -0.1548 -3.2756 64.3314
592 976  0.0143 -3.0685 55.7938
624 976 -0.2039 -2.5515 45.4646
656 976 -0.2990 -0.5643 74.3488
688 976  0.0485 -0.5468 24.6301
720 976 -0.0185  0.0061 12.1620
752 976 -0.1807 -0.3122 16.9176
784 976 -2.1674  0.8961 17.8756
816 976  2.4372  1.4489 16.7717
848 976  0.1555 -0.2835 17.6829
880 976 -0.8390 -3.8859 14.2409
912 976 -0.4006 -2.0934 13.8383
944 976  2.2713 -1.4895 18.4273
976 976 -0.2617  0.0674 20.8973
 16 1008 -0.0024  0.0015 14.9564
 48 1008 -0.0174  0.0102 14.6728
 80 1008  0.0145  0.0091 14.4766
112 1008  0.0109  0.0063 14.3867
144 1008  0.0085  0.0106 14.2467
176 1008 -0.0019  0.0101 14.5900
208 1008 -0.0035  0.0054 14.8785
240 1008 -0.0143 -0.0602 17.8141
272 1008  0.0214 -0.0821 16.1308
304 1008 -0.0021 -0.1381 17.2034
336 1008  0.1984 -2.8411 18.5204
368 1008  0.1130 -0.1432 14.5938
400 1008  0.0270 -0.1179 13.1542
432 1008  0.1431 -2.7397 14.3088
464 1008  0.1476 -3.1127 24.6427
496 1008  0.0705 -2.6858 14.6403
528 1008 -0.0820 -3.1257 27.4673
560 1008 -0.3667  0.0599 13.3671
592 1008  1.6035  0.1464 16.7017
624 1008 -0.1200 -2.3155 15.8901
656 1008 -0.1011 -0.8961 17.4745
688 1008 -0.0413  0.0362 21.4236
720 1008  0.0120  0.0194 18.4979
752 1008  0.0127  0.0338 14.7246
784 1008  0.0085  0.0075 14.5258
816 1008 -0.0245  0.0015 14.6896
848 1008  0.0130  0.0177 14.6266
880 1008 -0.0171  0.0101 14.6635
912 1008 -0.0179  0.0394 16.7237
944 1008 -0.0103  0.0012 21.4763
976 1008  0.0000 -0.0090 19.7955
