 16  16 -0.0456     NaN 62.3426
 48  16 -0.4737 -0.2982 81.6364
 80  16 -0.0569 -0.4895 53.6102
112  16 -0.0764 -0.5001 59.6199
144  16 -0.2060 -0.4999 62.7058
176  16 -0.0480     NaN 61.5142
208  16 -0.2346     NaN 68.5806
240  16 -0.0173 -0.2417 82.9410
272  16  0.0363 -0.4614 60.3301
304  16  0.0880 -0.4862 60.6370
336  16  0.0555     NaN 59.6698
368  16 -5.6651 -0.7975 66.5128
400  16  0.4992     NaN 53.8523
432  16 -0.0120     NaN 34.7930
464  16  0.3058 -6.6451 47.7734
496  16  0.2974     NaN 26.8156
528  16  0.0000  0.0000 30.0187
560  16  0.0000  0.0000 34.8509
592  16 -0.0573 -0.5333 62.9625
624  16 -0.1542 -0.2274 74.8816
656  16 -0.1674  0.0317 81.2849
688  16 -0.2111 -0.2579 74.4098
720  16 -0.3116 -0.0979 66.5449
752  16 -0.1344 -0.0851 78.8691
784  16 -0.1024 -0.1245 77.8688
816  16 -0.1008 -0.3215 88.7166
848  16 -0.0309 -0.1045 90.3317
880  16 -0.0577 -0.2245 77.8743
912  16 -0.0087 -0.0922 82.0379
944  16 -0.0096  0.0039 85.0306
976  16 -0.0541  0.0039 70.8825
 16  48 -0.7154 -0.0557 65.7990
 48  48 -0.5205  0.0478 24.5639
 80  48 -0.2090 -0.0343 16.5389
112  48 -0.7536  0.2167 13.6382
144  48 -0.3913  0.1889 61.8263
176  48 -0.1654  0.2165 27.7959
208  48 -0.1879  0.0420 15.3530
240  48 -0.0585  0.2737 17.5590
272  48 -0.0677  0.1264 25.2181
304  48  0.2579 -0.2501 14.4653
336  48  0.1516 -0.9459 14.3400
368  48  0.1511 -2.3670 12.1263
400  48 -0.0009 -5.7925 27.0048
432  48  0.0313 -6.8521 35.0465
464  48  0.2537 -6.3970 33.0385
496  48  0.9696 -5.6230 24.1410
528  48  0.3932 -6.2792 40.6273
560  48 -0.3271 -4.3697 18.7947
592  48 -0.2058 -0.4167 30.6182
624  48 -0.1236  0.1157 47.1224
656  48 -0.0791 -0.0031 51.6125
688  48 -0.1318  0.1427 149.1169
720  48 -0.1325  0.0396 114.8154
752  48 -0.1550  0.1842 90.0501
784  48 -0.1694  0.0204 83.6106
816  48 -0.0782  0.0985 129.1657
848  48 -0.1608 -0.0072 124.8835
880  48 -0.1218  0.0188 122.5189
912  48  0.0155 -0.0959 93.2906
944  48 -0.0202 -0.0388 104.4086
976  48  0.0030 -0.0015 100.0398
 16  80 -0.5124 -0.1394 52.9416
 48  80 -0.5644 -0.1257 91.1128
 80  80 -0.3887  0.0808 88.1295
112  80 -0.4711  0.0600 45.6480
144  80 -0.3592  0.1050 36.8025
176  80 -0.1378  0.0685 19.9160
208  80 -0.0440  0.1227 69.1527
240  80 -0.0753 -0.0222 41.3674
272  80  0.0191 -0.0021 31.8541
304  80  0.0358 -0.0213 20.4917
336  80  0.5332  0.1271 15.6198
368  80  0.2077 -1.2468 52.4601
400  80  0.5368 -6.0378 23.3690
432  80  0.1365 -6.2043 27.4118
464  80  0.5750 -5.9852 16.5191
496  80  0.2548 -6.3862 17.9177
528  80  0.1142 -6.5877 18.5038
560  80  0.1155 -2.5350 23.8745
592  80  1.9799  0.0710 11.9960
624  80  0.0879  0.0863 28.5540
656  80 -0.1220 -0.0228 23.8872
688  80 -0.4959 -0.1348 14.3516
720  80 -0.8831 -0.0463 10.8352
752  80  1.0501  0.4188 11.4435
784  80 -0.3890  0.1344 12.6192
816  80  0.6117  0.1261 12.4281
848  80 -0.4315 -0.1773 12.0575
880  80  0.1355 -0.0003 13.2687
912  80 -0.0014 -0.0349 16.9074
944  80  0.0824 -0.0083 20.8871
976  80 -0.0115  0.0364 43.5635
 16 112  0.0000  0.0073 37.5364
 48 112  0.0871  0.0537 32.5672
 80 112 -0.0278  0.0545 23.8136
112 112  0.0014  0.0539 22.7076
144 112  0.0260  0.0073 23.3540
176 112  0.0199 -0.0061 19.0798
208 112  0.0477  0.0155 21.4728
240 112 -0.0092 -0.0176 23.3533
272 112 -0.0066  0.0700 23.9645
304 112  0.1356 -0.0074 27.2193
336 112  0.0652 -0.0721 20.7024
368 112  0.0954  0.0139 28.4887
400 112  0.4770 -6.0462 46.4711
432 112  0.3299 -6.3806 24.1193
464 112  0.1969 -6.7637 55.1446
496 112  0.0000  0.0000 48.8964
528 112  0.0705 -6.2716 64.3155
560 112  0.1438 -5.2267 59.2987
592 112 -0.0512 -0.1347 18.6583
624 112  0.0397  0.0337 15.6511
656 112 -0.0226 -0.0104 16.1770
688 112  0.0196 -0.0992 17.1342
720 112  0.0028  0.0048 17.8731
752 112  0.0188 -0.0575 19.9239
784 112  0.0625  0.0604 18.1791
816 112  0.0473 -0.0118 16.1134
848 112  0.0537 -0.1109 23.8819
880 112 -0.0444  0.0642 20.0219
912 112  0.0487 -0.0512 15.3979
944 112 -0.1388  0.0109 16.1296
976 112 -0.0812  0.1324 22.5552
 16 144  0.1312  0.1933 14.3754
 48 144  0.2576 -0.0259 16.1059
 80 144  0.0163 -0.0533 15.2260
112 144  0.0341 -0.0919 13.5782
144 144  0.0506 -0.0184 13.6929
176 144  0.2234 -0.0422 13.1136
208 144 -0.0405  0.0917 13.2590
240 144 -1.0404  0.0857 12.3884
272 144 -0.3021  0.0151 13.3436
304 144  0.4987  0.0754 12.9979
336 144 -0.1295 -0.0000 65.5034
368 144  0.4631 -4.3116 25.8912
400 144  0.4186 -6.0530 52.1595
432 144  0.3090 -6.1568 68.1589
464 144  0.3902 -6.2755 59.9926
496 144  0.3075 -6.3934 60.7830
528 144  0.0991 -6.2092 60.9916
560 144  0.0541 -4.5939 42.1892
592 144 -0.0458 -0.4407 43.5669
624 144 -0.6293  0.0701 12.5437
656 144 -0.0149  0.2261 12.5476
688 144 -0.2513 -0.0797 11.9303
720 144 -0.0811  0.0169 12.1226
752 144  0.1434  0.0766 11.6073
784 144 -0.0590 -0.0384 12.2714
816 144  0.0545  0.0449 11.6175
848 144  0.1895 -0.0542 11.8804
880 144  0.0572  0.0164 11.8856
912 144  0.0457 -0.0048 11.9555
944 144  0.0489  0.0311 11.9261
976 144 -0.1255  0.0161 12.3044
 16 176  0.0177 -0.0230 12.0264
 48 176  0.0287 -0.0306 12.1914
 80 176 -0.0286  0.0030 12.5618
112 176 -0.6112  0.1224 11.2769
144 176 -0.1009  0.0868 12.0951
176 176 -1.0039 -0.0550 10.7954
208 176 -0.5167  0.1263 11.1711
240 176 -0.0207  0.0070 11.2134
272 176  1.2145  0.1212 11.5544
304 176  0.4106 -0.0261 11.5524
336 176 -0.3100 -0.0500 33.9245
368 176  0.4131 -5.1343 56.9944
400 176  0.4014 -5.8644 67.9314
432 176  0.2893 -6.0356 56.6912
464 176  0.2080 -6.1663 64.9213
496 176  0.0615 -6.1555 87.7165
528 176 -0.0653 -6.0944 70.5957
560 176 -0.0762 -5.4854 43.8844
592 176 -0.2002 -0.9598 35.9515
624 176 -0.3194  0.0640 11.7583
656 176  0.0082  0.0933 11.2161
688 176  0.0290  0.0487 11.1245
720 176 -0.0131  0.0763 11.1987
752 176  0.0261  0.0601 10.9256
784 176 -0.0211  0.1228 10.7988
816 176 -0.1698  0.0612 11.0722
848 176 -0.0318  0.0599 11.1015
880 176 -0.0045  0.0110 11.1951
912 176  0.0234  0.0457 11.2353
944 176  0.0345  0.0264 11.5829
976 176 -0.0215 -0.0056 11.5407
 16 208  0.0538  0.0756 13.4252
 48 208  0.8071 -0.0379 11.6860
 80 208 -0.1199 -0.1111 14.0690
112 208  0.5074 -0.0120 13.3303
144 208  0.0404 -0.7695 15.1179
176 208  0.8858 -0.1262 13.8749
208 208 -0.0020 -0.1952 13.6284
240 208 -0.1249  0.8196 12.3432
272 208 -0.6010 -0.2597 12.3900
304 208 -0.0372 -1.5563 13.7852
336 208  0.1668  0.0191 35.9139
368 208  0.5140 -4.9571 69.9934
400 208  0.4486 -5.7962 54.2561
432 208  0.2930 -5.9807 72.4653
464 208  0.2386 -5.9989 91.5163
496 208  0.0142 -5.9632 85.0313
528 208 -0.0195 -6.0345 71.8535
560 208 -0.1904 -4.7473 51.9067
592 208  0.0128 -0.4948 31.0855
624 208  0.0081 -0.0317 12.9255
656 208 -0.0775  0.0509 16.0581
688 208 -0.1109  0.0871 15.8812
720 208 -0.0479  0.0483 15.9872
752 208 -0.0768 -0.0134 15.2976
784 208  0.0036  0.1857 13.1007
816 208 -0.2134  0.1306 12.7374
848 208  0.7121  0.1031 12.5211
880 208 -1.2097  0.0665 12.3973
912 208  0.8723 -0.0244 12.4197
944 208  0.0067  0.0621 13.9789
976 208 -0.0417  0.0651 13.1886
 16 240  0.0463 -0.0710 12.8544
 48 240 -0.0190  0.0117 12.7039
 80 240 -0.0631  0.1866 12.5602
112 240 -0.1532  0.0980 12.3466
144 240  0.0793  0.6944 12.2856
176 240  0.0287 -0.2557 14.4445
208 240  0.8477  0.1013 12.4420
240 240 -0.2203  3.6725 13.6031
272 240 -2.3746 -4.1443 15.2346
304 240 -0.0504 -0.1159 15.1611
336 240  0.0742 -0.2344 38.6260
368 240  0.4143 -4.5438 60.8585
400 240  0.4024 -5.5524 54.9851
432 240  0.1909 -5.9614 59.4382
464 240  0.0936 -5.8265 82.6870
496 240 -0.0408 -5.8379 92.2637
528 240 -0.1998 -5.7582 67.4488
560 240 -0.3766 -4.6612 43.1910
592 240 -0.0237 -0.1704 51.9405
624 240  0.0703 -0.0173 12.7669
656 240 -0.1671 -0.0237 32.5957
688 240 -0.2077  0.1188 79.5821
720 240 -0.1304 -0.0888 77.0697
752 240 -0.2181  0.2064 74.8163
784 240 -0.1237 -0.0029 59.0620
816 240     NaN     NaN 18.9045
848 240 -0.1777  4.1734 13.5127
880 240  0.0000  0.0000 12.6872
912 240  0.0000  0.0000  8.3951
944 240 -0.8058  0.0666 14.9818
976 240  0.3671  0.2266 13.6301
 16 272  0.0516 -0.0644 23.8197
 48 272  4.1704 -0.1611 18.1336
 80 272  0.2157  0.0317 21.5609
112 272  0.1815     NaN 14.7870
144 272 -0.0347 -0.1208 23.5246
176 272     NaN -1.3696 13.7640
208 272 -2.8452 -0.1499 15.5646
240 272 -0.3718  0.3900 11.8204
272 272  0.0000  0.0000 13.6787
304 272 -0.1862 -0.9640 15.4893
336 272 -0.0425 -0.1351 25.2359
368 272  0.3978 -5.0187 73.5010
400 272  0.4074 -5.4935 76.3501
432 272  0.1742 -5.6740 67.6082
464 272  0.0348 -5.7129 91.7884
496 272 -0.1386 -5.5200 45.5883
528 272 -0.2027 -5.4987 59.4903
560 272 -0.2817 -4.7659 72.2272
592 272  0.0635 -0.1199 50.2659
624 272 -0.0041  0.1125 12.8434
656 272 -0.1284 -0.0637 36.6139
688 272 -0.1754  0.0092 44.6425
720 272 -0.2231     NaN 70.4143
752 272 -0.0957 -0.0410 77.7599
784 272 -0.1710 -0.0038 52.8612
816 272 -0.2894 -0.0222 14.6921
848 272  1.3766  0.1168 12.4837
880 272 16.1506 -7.8425 11.4046
912 272  7.0729 -5.0999  9.2495
944 272  0.7259 -0.0715 13.6107
976 272  0.0566  0.0154 14.3804
 16 304  0.1794  2.7857 12.9216
 48 304  0.0619     NaN 20.3115
 80 304 -5.0637 -1.8211 14.3222
112 304     NaN     NaN 20.6492
144 304     NaN -0.0491 21.8202
176 304  0.2108     NaN 26.3939
208 304     NaN -0.4182 17.5972
240 304 -1.7601 -0.0091 11.6665
272 304 -1.0112 -1.7179 18.0832
304 304  0.0619  0.1074 13.2213
336 304  0.3378 -3.3198 37.6066
368 304  0.3340 -4.7867 73.9065
400 304  0.2723 -5.2670 91.4602
432 304  0.0875 -5.1957 44.4274
464 304  0.0966 -5.4388 78.6440
496 304  0.0416 -5.6407 65.9535
528 304 -0.3538 -5.4218 66.7127
560 304 -0.2248 -4.9688 53.9633
592 304 -0.0919 -0.0746 50.5921
624 304  0.0057  0.1848 11.6658
656 304 -0.1271 -0.0525 27.5072
688 304 -0.1449 -0.0998 76.9408
720 304 -0.1022  0.0261 58.6449
752 304 -0.2920 -0.1455 79.3659
784 304 -0.1531  0.0656 32.2894
816 304 -0.8861 -0.9331 18.6234
848 304     NaN  1.9440 12.2773
880 304  1.7723  4.1055 14.0317
912 304  0.0282 -1.4763 12.7874
944 304  0.9671 -0.0834 12.2023
976 304  0.6316 -0.0661 12.9776
 16 336     NaN     NaN 16.2810
 48 336     NaN -11.9421 16.8003
 80 336  0.2081 -0.2000 28.1062
112 336     NaN     NaN 15.4174
144 336     NaN     NaN 19.5365
176 336 -2.9805  0.7579 14.1144
208 336  0.5213 -1.9536 17.1256
240 336  0.1607 -0.5705 12.1318
272 336 -7.3652  1.5579 15.8497
304 336  0.0868 -0.8730 13.2760
336 336  0.2245 -3.8968 64.5189
368 336  0.4496 -4.5786 63.8570
400 336  0.2663 -5.1524 82.4940
432 336  0.1585 -5.1387 41.7543
464 336  0.0164 -5.3074 89.3340
496 336 -0.0320 -5.2189 70.4008
528 336 -0.2781 -5.2379 85.0032
560 336 -0.3856 -4.6927 73.2514
592 336 -0.1009 -0.5369 60.1337
624 336  0.0510 -3.5654 12.3572
656 336 -0.1610 -0.0978 56.7781
688 336 -0.1165 -0.1156 65.0060
720 336 -0.1207 -0.1119 38.3356
752 336  0.0115 -0.0278 41.7973
784 336  0.0587 -0.0186 29.7349
816 336  0.7583  0.1569 13.3849
848 336  0.1740 -1.2575 12.8451
880 336 -0.0507  1.1460 11.9205
912 336  0.1161  1.1233 14.6051
944 336 -3.8627  2.0707 19.4710
976 336  0.8514  0.1736 17.0604
 16 368 -0.1187     NaN 23.2837
 48 368  0.0621  0.1724 26.6014
 80 368     NaN     NaN 21.1191
112 368  0.0412     NaN 17.8234
144 368     NaN  0.1379 17.1282
176 368     NaN  6.9328 17.5348
208 368  0.8900  1.7089 15.9389
240 368 -0.0305 -0.7845 12.1579
272 368 -0.1978 -0.4074 17.4297
304 368  0.2142  1.7380 12.5317
336 368  0.0000  0.0000 31.6956
368 368  0.5417 -4.7663 58.0702
400 368  0.1701 -5.0649 67.5792
432 368  0.2011 -5.1250 86.1632
464 368  0.0262 -5.2081 87.0472
496 368 -0.1347 -5.1954 76.4730
528 368 -0.1474 -5.2107 88.9885
560 368 -0.2445 -4.6805 58.9912
592 368  0.0858 -1.1397 54.7083
624 368  0.0000  0.0000 17.6135
656 368 -0.1038 -0.1104 23.7603
688 368 -0.1514 -0.0189 61.3967
720 368     NaN     NaN 28.7130
752 368  0.0937  0.0158 17.5426
784 368 -0.1062 -0.0272 11.1147
816 368 -0.2091 -1.0798 12.4070
848 368 -0.1629 -1.1540 11.0556
880 368 -7.3917  0.1789 11.0743
912 368  7.8113     NaN 12.2992
944 368  3.7174     NaN 13.5333
976 368  0.0323  2.2079 15.0324
 16 400 -0.1186  0.2706 23.7977
 48 400 -0.1604 -0.0112 25.3431
 80 400  1.7403     NaN 17.5478
112 400     NaN -8.1110 16.3271
144 400     NaN -0.1189 16.6285
176 400 -0.1763     NaN 19.6141
208 400     NaN     NaN 19.4817
240 400 -0.0624  0.1787 11.6536
272 400     NaN  1.7628 16.8266
304 400 -0.0066  0.1532 16.4602
336 400  0.2874 -3.2854 45.3994
368 400  0.0000  0.0000 61.2244
400 400  0.3433 -4.9737 68.0299
432 400  0.0768 -5.1518 84.7225
464 400  0.0728 -5.0556 92.5254
496 400 -0.1116 -5.0873 63.2466
528 400 -0.2590 -5.0280 78.8873
560 400 -0.3355 -4.6754 56.8410
592 400 -0.2429 -0.8085 60.4672
624 400 -0.0153 -1.2997 51.1197
656 400 -0.1118  0.0035 15.8934
688 400  0.0083  0.0296 39.0258
720 400 -0.0612  0.2130 28.1475
752 400 -0.1611  0.1192 15.3374
784 400 -1.9646  0.0050 14.1596
816 400 -0.7262  0.9602 13.8859
848 400 -1.1044 -2.7096 16.6090
880 400     NaN     NaN 10.1661
912 400 18.2251 -0.2399  9.3125
944 400 -8.3191 -1.9654 15.0216
976 400     NaN -0.0104 15.1594
 16 432  0.0134 -0.1874 22.0562
 48 432  0.2058  0.1586 19.0893
 80 432 -0.1078  0.3703 21.6744
112 432  0.1410 -0.1531 16.1953
144 432     NaN -5.3088 14.5292
176 432     NaN     NaN 13.2540
208 432  0.1118     NaN 16.1816
240 432 -0.1368  0.2984 11.9215
272 432  2.9111 -3.0727 22.3292
304 432  0.0099  0.0107 24.8883
336 432  0.2092 -2.6488 56.9495
368 432  0.2581 -4.4635 71.8633
400 432  0.2825 -4.9331 80.9861
432 432  0.1202 -4.9581 84.7606
464 432  0.0506 -4.9294 82.2814
496 432  0.0004 -4.9896 105.8259
528 432 -0.1822 -4.9463 91.8641
560 432 -0.1831 -4.8185 82.3131
592 432 -0.2668 -3.2665 59.9046
624 432 -0.0465 -0.3376 29.5718
656 432  0.0747  0.2278 14.2323
688 432  0.0228  0.0150 16.3942
720 432  0.0646     NaN 12.7924
752 432 -1.9046  0.2138 12.5327
784 432 -2.3970  1.7803 14.0818
816 432 -0.0991  1.2983 12.3260
848 432 -0.2547  1.6730 12.2923
880 432 -3.8318  1.6740 12.8931
912 432  7.8378 -3.9585 10.1876
944 432  1.0416 -0.1000 14.4663
976 432  1.1110 -2.2961 12.2559
 16 464 -0.1889  0.1688 24.3160
 48 464 -0.1036  0.0034 20.8081
 80 464  0.0250 -0.1232 20.6758
112 464  0.1314  0.2138 25.1468
144 464 -0.1444     NaN 19.0200
176 464  6.2638     NaN 12.7349
208 464 -0.0346  0.2186 14.8246
240 464  0.0452 -1.8676 12.3766
272 464     NaN  5.8554 14.0908
304 464 -0.0957 -0.3385 25.2241
336 464  0.3425 -3.6916 62.2880
368 464  0.1143 -4.3132 62.7702
400 464  0.2846 -4.7366 80.1706
432 464  0.1488 -4.7538 101.3139
464 464  0.1866 -4.8258 66.4032
496 464 -0.0581 -4.9533 108.7621
528 464 -0.1402 -4.5817 67.7158
560 464 -0.4071 -4.6662 66.3520
592 464 -0.2148 -2.5460 50.8207
624 464 -0.0051 -0.3186 66.7892
656 464 -0.8327  0.0099 11.2839
688 464 -1.6302 -0.8977 11.3525
720 464  1.0251 -3.0690 12.9505
752 464  1.0883  1.0595 16.3362
784 464  0.8777 -7.0440 12.5985
816 464  4.3369  1.7035 12.6011
848 464 -2.2483 -0.1756 12.9821
880 464  0.0000  0.0000 11.4567
912 464 16.9600     NaN  9.9004
944 464     NaN     NaN 11.9897
976 464     NaN -5.8088 15.8958
 16 496 -0.0948 -0.2696 17.5484
 48 496 -0.0505  0.0752 20.5453
 80 496  0.0391 -0.1305 25.8959
112 496 -0.9373  1.9550 15.1022
144 496 -4.0447  1.8415 14.5621
176 496  0.2213     NaN 18.9918
208 496 -0.0194  1.9472 14.1581
240 496 -0.1286  0.8270 12.5548
272 496     NaN     NaN 14.6414
304 496  0.0517 -0.4474 16.3851
336 496  0.3528 -3.7603 68.3469
368 496  0.1512 -4.3838 85.7031
400 496  0.2709 -4.5986 90.0944
432 496  0.0594 -4.8168 95.5455
464 496 -0.0412 -4.6203 91.5551
496 496 -0.1137 -4.7595 101.5118
528 496 -0.1718 -4.6988 71.9528
560 496 -0.3080 -4.3920 69.5919
592 496 -0.4297 -3.7319 65.3591
624 496 -0.0543 -0.1663 92.9267
656 496  0.0688  1.7801 10.8796
688 496 -0.0638  1.6728 12.4222
720 496  1.0916 -2.7693 20.4740
752 496 -0.8838 -3.1197 10.8252
784 496 -0.2477 -1.9981 12.9249
816 496  0.8982  4.0857 13.6758
848 496 -1.4032  0.1362 13.4681
880 496  1.8857 -1.4665 11.9998
912 496  1.7196  0.0839 11.4220
944 496 -1.0222  0.1188 12.0554
976 496     NaN  0.8653 19.1016
 16 528 -0.1934  0.1051 20.2444
 48 528  0.0087 -0.0544 20.1420
 80 528 -0.0838 -0.1374 18.2609
112 528  0.2685  0.2324 16.3600
144 528 -0.1631 -0.0829 21.2566
176 528  0.0912 -0.1758 20.0646
208 528  0.7129 -0.0522 13.5886
240 528 -0.9777 -0.4240 13.0698
272 528 -1.1061 -6.1369 15.4350
304 528  0.1471 -0.7717 19.8924
336 528  0.3298 -3.6376 68.4434
368 528  0.2275 -4.3407 75.7530
400 528  0.1744 -4.4153 68.4248
432 528  0.1536 -4.5138 56.5835
464 528 -0.0153 -4.4982 59.3182
496 528  0.0374 -4.6316 99.8414
528 528 -0.1005 -4.6403 80.1949
560 528 -0.2392 -4.3374 85.9419
592 528 -0.2664 -3.6583 48.8922
624 528 -0.1028 -0.0153 97.2075
656 528 -0.0424 -0.5518 11.7455
688 528  0.1060 -0.2860 16.2044
720 528 -0.1592 -0.0081 14.6559
752 528 -0.0895 -0.0004 13.3552
784 528 -1.7219  0.1814 15.5935
816 528  0.1562 -1.3724 11.5686
848 528 -1.4966  0.2118 12.8971
880 528  4.0022     NaN 15.7338
912 528  0.0000  0.0000 12.6359
944 528 -0.0542 -0.7738 15.6052
976 528 -0.1703  0.1611 17.1879
 16 560 -2.1550     NaN 15.5574
 48 560 -0.1973  0.0258 19.4267
 80 560 -0.2605 -1.9294 16.3782
112 560 -0.2078  0.1599 18.5985
144 560 -4.9893 -2.7825 19.4877
176 560  2.9812 -3.8149 16.2849
208 560  0.7912 -0.1896 12.1749
240 560  1.2825  3.1205 16.9039
272 560     NaN     NaN 11.0437
304 560  0.0407 -2.5894 35.8887
336 560  0.1660 -3.3484 81.3771
368 560  0.1908 -4.1382 69.3693
400 560  0.1761 -4.3601 90.1677
432 560  0.0302 -4.4876 96.6255
464 560  0.0526 -4.4568 64.2478
496 560 -0.0144 -4.5285 72.5444
528 560 -0.2003 -4.4067 73.0844
560 560 -0.1866 -4.2913 76.2965
592 560 -0.2869 -3.5379 47.8598
624 560 -0.1023 -1.2140 61.7021
656 560 -0.0343  0.0142 16.6219
688 560 -0.0964  0.0570 20.4639
720 560 -0.0880 -0.0290 34.7437
752 560 -0.0798  0.2384 26.3159
784 560  0.1011 -0.6635 13.5918
816 560 -0.2205 -1.2395 10.7244
848 560 -0.0690 -4.8191 12.3069
880 560  2.1532 -0.8605 14.5453
912 560 -3.7906 -2.3193 11.6898
944 560  0.0000  0.0000 15.9407
976 560  0.6091  0.1174 13.9237
 16 592 -0.0938  0.0827 32.5414
 48 592 -2.2999  0.1591 16.9622
 80 592 -0.1876 -0.0101 32.8909
112 592  0.4051 -0.1243 17.6591
144 592  0.6487 -0.1365 16.4167
176 592  0.6907 -0.1574 15.3846
208 592 -0.0267  0.0255 14.3152
240 592 -3.6813 -1.6305 14.9361
272 592 -0.8479     NaN 12.4391
304 592  0.1684 -2.3397 49.7366
336 592  0.2862 -3.5504 76.7327
368 592  0.2313 -4.1214 81.1067
400 592  0.1653 -4.1959 64.4975
432 592  0.1203 -4.3297 96.3336
464 592  0.0036 -4.3821 89.8332
496 592 -0.0528 -4.3134 80.0073
528 592 -0.0908 -4.3322 42.3896
560 592 -0.1064 -4.0827 81.8786
592 592  0.0166 -3.4387 78.6756
624 592  0.0731 -1.4175 68.6774
656 592 -0.2494 -1.8890 12.4889
688 592 -0.0296  0.0275 15.9407
720 592 -0.1097     NaN 61.0813
752 592 -0.1773 -0.0128 21.4439
784 592 -1.1081  0.7076 17.1412
816 592 -0.0873  1.3861 13.3413
848 592  0.2553  1.2896 19.1439
880 592 -0.1567 -0.9426 16.9491
912 592     NaN  2.0966 13.4079
944 592  0.9278  8.2657 20.1483
976 592  0.3423  2.8617 13.4213
 16 624 -0.1464  0.0394 21.1402
 48 624     NaN -0.1167 25.1830
 80 624  1.5805  0.4029 21.1574
112 624 -1.5175  1.6270 15.1923
144 624  0.2167 -0.1661 18.7770
176 624  0.6056 -0.2102 13.8930
208 624 -1.0731  1.7481 15.2182
240 624 -1.4714 -0.9066 13.5537
272 624  0.0779 -7.1656 16.6715
304 624  0.1132 -1.5938 36.0390
336 624  0.4361 -3.6881 90.9730
368 624  0.2502 -4.0751 101.3830
400 624  0.1574 -4.1169 75.3443
432 624  0.0466 -4.1867 90.8139
464 624  0.0359 -4.1711 91.4257
496 624  0.0442 -4.2043 85.1900
528 624 -0.1315 -4.3555 62.3755
560 624 -0.1451 -4.0512 101.9882
592 624 -0.0634 -3.4517 80.1091
624 624 -0.1373 -2.1892 67.9763
656 624 -0.2133 -1.6115 14.9151
688 624  0.0318  0.0143 13.8096
720 624 -0.2192     NaN 50.4756
752 624 -1.6913 -4.7905 17.6503
784 624  1.9842 -2.3153 14.8166
816 624  0.1048  1.5314 12.1034
848 624  0.0512 -1.2893 12.1645
880 624  1.1806  0.8947 18.6166
912 624 -0.9414 -0.6707 14.6188
944 624 -0.9878  0.0389 17.9224
976 624  0.9598 -0.1486 18.4772
 16 656 -0.0083  0.2125 20.3675
 48 656 -0.3144  0.1020 17.7661
 80 656  0.0877  0.0020 24.1554
112 656  9.0976 -0.9939 19.6402
144 656  0.1595 -2.0225 16.9198
176 656  0.0775 -1.9947 13.5340
208 656     NaN -4.9655 14.3662
240 656 -0.0085  0.0933 16.1305
272 656 -0.0344  0.0074 27.1995
304 656  0.0915 -2.2046 44.5978
336 656  0.4669 -3.6924 56.1998
368 656  0.2384 -4.0792 91.9423
400 656  0.2463 -4.0589 77.3904
432 656  0.1664 -4.1386 91.9722
464 656  0.0171 -4.2004 79.1851
496 656 -0.1067 -4.0740 96.6060
528 656 -0.0441 -4.0526 87.9666
560 656 -0.2691 -4.1482 92.4544
592 656 -0.1390 -3.5561 83.5084
624 656 -0.0416 -1.7858 59.6767
656 656 -0.0513 -1.3836 12.9448
688 656 -0.0193  0.0832 12.7393
720 656 -0.1457     NaN 28.8794
752 656  1.8783     NaN 14.6693
784 656  0.0000  0.0000 11.3770
816 656 -1.9510  1.9709 14.3467
848 656 -0.1598 -1.4093 13.7172
880 656 -0.0266 -0.6983 12.1222
912 656  0.1388  0.0889 13.6009
944 656 -0.0063 -0.1517 15.7838
976 656 -0.1553  0.3649 16.2843
 16 688  0.1329 -0.3897 20.9350
 48 688 -0.0157 -0.1521 13.9699
 80 688  1.9674  4.1930 14.0075
112 688  0.7762  0.1569 20.5853
144 688 -0.2784 -0.3674 14.1391
176 688  1.2674 -0.0742 14.4416
208 688 -0.0849 -0.2623 14.9846
240 688 -0.0353  0.0147 27.2934
272 688  0.0608  0.0203 34.7335
304 688  0.0000  0.0000 42.6304
336 688  0.2402 -3.6450 65.5567
368 688  0.2076 -4.0507 79.5460
400 688  0.1606 -4.1510 85.5365
432 688  0.0466 -4.1349 58.4446
464 688  0.0055 -4.1186 96.1645
496 688 -0.0521 -4.0554 92.5430
528 688 -0.0661 -4.0269 81.4539
560 688 -0.1990 -3.9658 74.9557
592 688 -0.2051 -3.5763 79.7447
624 688 -0.1379 -2.2112 52.2907
656 688 -0.0489 -0.0364 24.6259
688 688 -0.0005 -0.6417 11.7372
720 688 -1.5850 -2.9828 15.4672
752 688     NaN     NaN 14.7252
784 688  6.2100     NaN 12.4388
816 688  0.0000  0.0000 10.5707
848 688  0.0960     NaN 13.4235
880 688 -0.0377 -1.6286 13.0047
912 688 -0.0083  0.0415 32.6642
944 688 -0.0844  0.2471 15.1502
976 688  0.2851  0.1452 21.6477
 16 720 -1.8019  2.9359 18.7971
 48 720  0.0000  0.0000 17.0486
 80 720 -0.0362 -0.1353 19.3967
112 720 -0.1730 -0.0512 14.0657
144 720  0.0405 -0.0242 13.5488
176 720  0.0820  0.8733 19.6232
208 720  0.0697 -0.1081 17.7872
240 720  0.0054  0.0079 24.0677
272 720  0.0503 -0.0428 26.4491
304 720  0.1510 -2.3661 105.9259
336 720  0.1880 -3.5975 48.6725
368 720  0.2087 -3.7562 72.1458
400 720  0.1348 -3.9889 57.6038
432 720  0.0375 -3.8897 73.8525
464 720  0.0942 -3.9201 87.0006
496 720  0.0277 -3.9606 82.0537
528 720 -0.2190 -3.9300 58.4434
560 720 -0.0005 -4.0636 58.2233
592 720 -0.3031 -3.4487 42.5850
624 720 -0.1900 -2.3167 46.9198
656 720  0.0033 -0.3600 19.0539
688 720  0.0315 -0.0282 11.1565
720 720  4.8262 -11.9393 12.1331
752 720  7.7968     NaN 14.2715
784 720  0.2619     NaN 15.0411
816 720 -3.1621     NaN 14.0652
848 720  5.8247 -1.7792 15.7547
880 720  1.1761 -0.0089 12.9700
912 720  0.2090 -0.0712 14.8128
944 720  0.1742  0.1058 12.2775
976 720  0.1208 -0.0781 11.8537
 16 752 -0.0840 -0.1038 18.2065
 48 752  0.0830  0.2227 15.2864
 80 752 -0.2671 -0.1846 12.8155
112 752 -0.1543  0.1685 12.7067
144 752 -0.0760 -0.7005 16.6463
176 752  0.3462 -2.0083 14.6727
208 752  0.1927 -2.8920 14.9244
240 752  0.3969  0.0853 18.6619
272 752 -0.0062 -0.1290 25.5573
304 752  0.2483 -3.1136 70.5053
336 752  0.3605 -3.4907 51.8573
368 752  0.0911 -3.8012 62.8811
400 752  0.2141 -3.9413 80.5239
432 752  0.0908 -3.8836 56.0571
464 752  0.0805 -4.0280 82.9566
496 752  0.0113 -3.9139 102.5093
528 752 -0.1115 -3.8891 71.8934
560 752 -0.0954 -3.8974 69.0951
592 752 -0.0822 -3.4261 87.3446
624 752 -0.2254 -2.5282 49.7845
656 752  0.0160  0.0166 47.6261
688 752 -0.0892  0.5312 11.0952
720 752  0.6829  2.1119 13.1043
752 752     NaN -0.2693 15.3646
784 752 -13.9300  2.8111 11.9842
816 752  0.2316 12.0501 13.9913
848 752     NaN     NaN 10.8118
880 752     NaN     NaN 16.8434
912 752  0.0916     NaN 16.3024
944 752 -1.9310  0.0546 15.2146
976 752  0.4700  0.0740 14.5088
 16 784 -0.2253 -0.0875 12.5432
 48 784 -0.0138  0.1367 12.7985
 80 784 -0.1261 -0.0346 16.1212
112 784  3.5024  0.1928 17.7337
144 784 -0.1409  0.0877 16.7243
176 784 -0.2855  0.3147 15.8712
208 784  0.1887  0.1394 20.6572
240 784  0.0037  0.0237 27.0437
272 784  0.2776 -0.1294 18.4853
304 784  0.3525 -2.3193 68.8570
336 784  0.1014 -3.5077 68.0534
368 784  0.1106 -3.8755 79.2409
400 784  0.1103 -3.6885 67.9331
432 784  0.0451 -3.8912 58.2659
464 784  0.0409 -3.8371 54.2301
496 784  0.0579 -3.9392 80.3092
528 784  0.0066 -3.8503 55.5852
560 784 -0.0673 -3.8216 60.9158
592 784 -0.1101 -3.3662 56.6914
624 784 -0.1976 -2.5947 38.6059
656 784 -0.0150 -0.2748 32.6826
688 784 -0.0290 -0.6379 10.8913
720 784 -0.0175  1.7727 12.1918
752 784     NaN  0.1559 19.9783
784 784 -1.9595     NaN 10.9976
816 784  5.9526  4.1405 11.2427
848 784  3.1224 -0.0106 13.1089
880 784 -0.2883     NaN 14.4471
912 784 -0.9290 -0.1687 15.3072
944 784  0.2146     NaN 18.6487
976 784  0.0187  0.0127 16.0476
 16 816  0.0603  0.0085 18.1508
 48 816  3.1160 -0.1119 16.2691
 80 816 -0.0851  0.0677 22.9120
112 816  0.5834 -0.2501 16.4758
144 816  0.0664  0.1126 22.6033
176 816  0.2790  0.0379 18.3129
208 816 -0.3938 -0.1802 18.2432
240 816  0.3252 -0.0250 18.5519
272 816  0.1168 -1.1074 18.5145
304 816  0.3304 -2.8113 40.7931
336 816  0.3090 -3.3681 40.9829
368 816  0.2301 -3.3140 71.7589
400 816  0.0618 -3.7178 54.7142
432 816  0.0367 -3.7475 79.6471
464 816  0.0117 -3.6340 51.7380
496 816 -0.0801 -3.6974 44.8751
528 816 -0.0728 -3.8025 85.1683
560 816 -0.1080 -3.6523 77.6097
592 816 -0.1151 -3.4469 69.0759
624 816 -0.0814 -2.2138 64.9001
656 816  0.0357 -0.2214 55.2994
688 816  0.0153 -0.8675 11.1422
720 816  0.1095  1.3853 13.4812
752 816     NaN  8.1093 12.3398
784 816  2.2811  2.1502 12.7550
816 816     NaN  0.0343 11.4517
848 816 -1.8514 -0.0438 15.8734
880 816  1.0757 -0.2352 15.8307
912 816  1.9571  7.6881 15.1401
944 816     NaN  3.9609 12.4497
976 816  0.8067 -0.7610 14.7179
 16 848  4.0535     NaN 19.7670
 48 848  0.0586  0.3390 18.1976
 80 848  0.6299 -0.0246 13.7050
112 848 -0.0579  0.2945 29.2868
144 848  3.9036 -3.7785 16.6256
176 848 -0.0820 -0.0531 18.6209
208 848 -0.0614 -0.1076 19.0006
240 848 -0.0934 -0.1285 18.2065
272 848  0.0302 -0.7055 39.8137
304 848  0.1487 -2.7776 68.0378
336 848  0.1254 -3.3080 52.4369
368 848  0.2148 -3.7018 39.6667
400 848  0.1623 -3.7164 45.1337
432 848  0.0233 -3.6676 68.6245
464 848  0.0531 -3.6230 77.1350
496 848 -0.0539 -3.8031 78.1035
528 848 -0.1907 -3.6989 64.4542
560 848 -0.1396 -3.5883 58.7758
592 848 -0.1925 -3.3624 58.5254
624 848 -0.0986 -2.3839 54.6998
656 848 -0.1185 -1.0546 64.3037
688 848  0.6495 -1.6499 54.9293
720 848  0.3201 -1.4406 10.4822
752 848 -7.6723 15.3235  9.4457
784 848     NaN     NaN 11.1918
816 848     NaN -2.1818 16.2339
848 848  0.9917     NaN 19.1282
880 848  0.0300     NaN 17.4085
912 848 -0.2625     NaN 16.8385
944 848 -3.1265     NaN 17.4265
976 848 -0.9122 -0.1127 17.3757
 16 880 -1.2469 -2.8817 15.4309
 48 880  0.1761 -0.0230 18.0469
 80 880 -0.1910  0.0836 19.9696
112 880  1.9768 -7.3569 15.8436
144 880  0.0877     NaN 15.6217
176 880  0.1635 -0.0759 18.9813
208 880  0.1834 -0.1076 18.5518
240 880  0.1624  0.1380 18.5151
272 880  0.2749 -0.7175 39.4249
304 880  0.2836 -2.8060 80.4801
336 880  0.2476 -3.3798 52.8032
368 880  0.2284 -3.4974 69.5739
400 880  0.2234 -3.5719 48.0378
432 880 -0.0174 -3.5584 69.8980
464 880 -0.0537 -3.7104 57.8284
496 880 -0.0452 -3.7280 84.3439
528 880 -0.0809 -3.5413 27.5790
560 880 -0.2172 -3.6839 63.8166
592 880 -0.2261 -3.4398 47.7744
624 880 -0.1522 -2.7139 72.0947
656 880 -0.1398 -0.7232 61.8264
688 880 -0.1230 -1.3711 12.6373
720 880 -0.0046 -0.8580 12.5974
752 880  1.7729     NaN 14.2749
784 880  0.2941     NaN 16.4164
816 880  2.9814     NaN 14.8385
848 880 -5.0096     NaN 15.8273
880 880  0.0694     NaN 14.5259
912 880 -2.9363     NaN 15.5628
944 880 -2.8524     NaN 15.4841
976 880 -0.1207     NaN 23.4408
 16 912  0.0183  0.0167 13.8370
 48 912  0.1230 -0.0698 14.2455
 80 912  0.0000  0.0000 15.9201
112 912     NaN -6.1093 13.6551
144 912  0.1374     NaN 26.1208
176 912  0.1913  0.1081 31.2436
208 912  0.1366 -0.0345 24.4377
240 912  0.0283 -0.1359 20.2806
272 912  0.1463 -0.4009 53.7260
304 912  0.1380 -2.8201 46.0715
336 912  0.2877 -3.4298 50.8288
368 912  0.0605 -3.5794 63.3926
400 912  0.2031 -3.4267 40.9165
432 912  0.0352 -3.5471 52.6444
464 912 -0.0479 -3.3952 44.0281
496 912 -0.0793 -3.4903 44.1716
528 912 -0.1723 -3.3184 50.1981
560 912 -0.1479 -3.5126 70.3899
592 912 -0.0725 -3.5382 47.7207
624 912 -0.3513 -2.7876 57.2785
656 912  0.0115 -0.9682 71.2180
688 912 -0.0348 -0.7371 14.6355
720 912 -0.0026  0.0384 13.9046
752 912 -0.1037 -0.1751 15.3558
784 912  0.0878 -0.0963 20.7478
816 912  1.0728 -2.1019 17.3156
848 912     NaN     NaN 13.8658
880 912 12.9748     NaN 16.8436
912 912  0.2860     NaN 19.5719
944 912  0.0000  0.0000 18.0596
976 912 -5.2272     NaN 14.4746
 16 944  0.5136  0.0195 16.8673
 48 944 -0.2021  0.0127 14.9019
 80 944 -0.0606 -0.1278 20.5516
112 944  0.0961 -0.1033 19.3899
144 944 -0.1158  0.1208 27.7231
176 944 -0.1988  0.1232 27.3918
208 944 -0.0444 -0.2099 18.1606
240 944  0.0148  0.2799 26.2318
272 944  0.0338 -0.7607 80.0113
304 944  0.1736 -2.8993 67.4223
336 944  0.2229 -2.9577 62.3707
368 944  0.0844 -3.2854 68.2099
400 944  0.1267 -3.3357 59.6768
432 944  0.0003 -3.3888 50.3725
464 944 -0.0143 -3.4817 52.5025
496 944 -0.1345 -3.5117 65.7571
528 944 -0.0500 -3.5297 68.8285
560 944 -0.0432 -3.3053 93.7876
592 944 -0.2854 -3.2114 76.1143
624 944 -0.0635 -2.4945 74.3318
656 944 -0.3807 -1.7244 58.0103
688 944 -0.1622 -1.7957 17.2742
720 944 -0.0012 -0.0923 13.3043
752 944     NaN  0.2685 15.8705
784 944  1.2410  0.2129 13.8049
816 944  1.9168  0.1328 16.7875
848 944  0.0360 -0.0114 49.3965
880 944 -0.0183  0.0103 46.3969
912 944 -0.0570     NaN 21.7851
944 944 -2.1158     NaN 15.8088
976 944 -4.9966     NaN 13.4227
 16 976  0.2714  0.0731 17.3652
 48 976 -0.0023  0.0413 20.7752
 80 976  0.0804 -0.0003 16.4985
112 976 -0.0379 -0.0447 15.9876
144 976 -0.0721  0.1378 18.5661
176 976 -0.1809 -0.1759 25.9770
208 976  0.0014  0.0371 28.0679
240 976 -0.0375 -0.2590 20.0098
272 976  0.1870 -1.6659 56.7198
304 976  0.2081 -3.0615 62.9648
336 976  0.3157 -3.3022 65.8317
368 976  0.2015 -3.3573 49.3036
400 976  0.0811 -3.2841 45.0789
432 976  0.0356 -3.4778 72.9688
464 976  0.1388 -3.0144 58.1478
496 976 -0.0901 -3.2218 44.4533
528 976 -0.1162 -3.3672 61.6491
560 976 -0.1477 -3.3067 33.7321
592 976 -0.0671 -2.9756 31.2294
624 976 -0.3748 -2.7548 55.0414
656 976 -0.2863 -1.4450 60.3384
688 976 -0.0900 -1.3402 28.1904
720 976  0.0507 -0.0929 12.0076
752 976  0.9400 -0.7038 17.2321
784 976 -0.8881     NaN 19.5086
816 976  2.3057 -0.0524 17.2789
848 976  0.1583 -1.8805 20.2165
880 976  5.7684     NaN 16.7625
912 976  0.1972     NaN 14.8706
944 976  0.1816     NaN 13.6474
976 976 -4.0422  0.1113 17.5806
 16 1008 -0.0192  0.0013 14.8707
 48 1008 -0.0072 -0.0008 14.6445
 80 1008 -0.0119  0.0040 14.3880
112 1008 -0.0030  0.0027 14.2411
144 1008 -0.0057  0.0117 14.1404
176 1008  0.0181  0.0061 14.5665
208 1008 -0.0399  0.0139 14.8161
240 1008  0.0093 -0.0088 17.5907
272 1008  0.0840 -0.0404 16.8426
304 1008  0.1639 -0.2612 15.2942
336 1008  0.0613 -0.4104 16.1984
368 1008 -0.1853 -0.1327 13.2876
400 1008  0.2134 -1.6488 15.1353
432 1008 -0.0373 -2.8478 21.3178
464 1008 -0.0308 -2.8339 14.3111
496 1008  0.1628 -0.0854 14.2913
528 1008  0.2162 -0.3063 13.6431
560 1008  0.2545 -2.3203 16.9029
592 1008 -0.1466 -0.9879 23.0942
624 1008  0.0599 -0.2926 14.0031
656 1008 -1.5739 -0.1020 20.1144
688 1008 -0.0767 -0.0259 21.5558
720 1008  0.0300  0.0131 18.5730
752 1008  0.0201  0.0079 14.6610
784 1008 -0.0066  0.0052 14.5163
816 1008 -0.0057 -0.0056 14.7099
848 1008 -0.0199 -0.0035 14.6346
880 1008 -0.0191  0.0105 14.6808
912 1008 -0.0338  0.0219 16.8750
944 1008 -0.0148 -0.0018 21.3419
976 1008 -0.0028 -0.0063 19.8051
