 16  16 -0.1327 -0.4847 62.4794
 48  16 -0.0674 -0.5030 55.0588
 80  16 -0.1036 -0.4914 56.1139
112  16 -0.0034     NaN 63.0501
144  16 -0.3920 -0.4720 65.5283
176  16 -0.0663 -0.1604 80.5436
208  16 -0.1113 -0.4982 60.6261
240  16 -0.0818 -0.4714 61.7247
272  16 -0.0044     NaN 54.4542
304  16 -0.2464     NaN 62.0538
336  16  0.0456     NaN 66.8708
368  16  0.0949     NaN 61.4872
400  16  4.1447 -0.5443 33.2702
432  16 -1.7483 -0.5439 43.4808
464  16 -0.9199 -0.5702 28.0090
496  16  0.0000  0.0000 27.8044
528  16  0.0000  0.0000 37.5626
560  16  0.3010 -6.1062 32.8952
592  16  0.1111 -0.6728 58.5038
624  16 -0.1306 -0.2397 80.4007
656  16 -0.1584 -0.2716 79.8043
688  16 -0.2088 -0.3230 64.6888
720  16 -0.1318 -0.1741 79.7328
752  16 -0.1716 -0.1204 72.3562
784  16 -0.0384 -0.2381 89.8073
816  16 -0.0774 -0.3230 83.1433
848  16 -0.0634 -0.2234 73.3734
880  16 -0.0479 -0.1746 80.5662
912  16 -0.0049 -0.0536 76.9930
944  16 -0.0029 -0.0109 70.9802
976  16  0.0141 -0.0682 80.9638
 16  48 -0.4452  0.0401 14.2460
 48  48 -0.7392  0.1093 33.5848
 80  48 -0.5300  0.2031 18.6362
112  48 -0.1913  0.0690 16.7695
144  48 -0.7361  0.0711 30.7939
176  48 -0.3424  0.1369 19.4723
208  48 -0.4481  0.1564 17.8338
240  48 -0.3847  0.1473 40.5316
272  48  0.0030  0.0678 16.8721
304  48  0.1011  0.2364 36.7095
336  48  0.1989 -0.0684 22.0446
368  48  0.0789 -3.6288 56.0801
400  48  0.1529 -5.7263 27.4329
432  48  0.0000  0.0000 13.4336
464  48  0.0000  0.0000 61.0381
496  48  0.4840 -6.6424 55.4796
528  48  0.7873 -6.4536 15.0082
560  48  0.1340 -5.7915 21.7345
592  48 -0.2199 -0.6692 23.5910
624  48 -0.0843 -0.0599 28.1441
656  48 -0.2106  0.1183 72.1998
688  48 -0.1002  0.1597 132.7836
720  48  0.0690  0.0090 140.1707
752  48 -0.1160  0.0956 79.9330
784  48 -0.0279  0.0683 104.6963
816  48 -0.0459  0.0137 69.8141
848  48 -0.0359 -0.0454 115.6827
880  48 -0.0179 -0.0295 110.4577
912  48 -0.0274 -0.0599 105.6781
944  48 -0.0233 -0.0026 109.8270
976  48  0.0058 -0.0059 99.0991
 16  80 -0.7130 -0.0071 126.7954
 48  80 -0.5356 -0.0685 70.9630
 80  80 -0.6637 -0.0261 94.8266
112  80 -0.4190  0.1670 64.9558
144  80 -0.2871  0.1289 51.6339
176  80 -0.2446  0.0639 31.4394
208  80 -0.1748  0.0974 45.7874
240  80  0.0032  0.1383 111.6404
272  80  0.0847  0.1039 45.4859
304  80  0.2503 -0.0141 27.0405
336  80 -0.6937  0.1586 11.7942
368  80  0.2640  1.0152 13.0721
400  80  0.5784 -6.1311 102.4467
432  80  0.2870 -6.1245 19.0175
464  80  0.3846 -6.6596 34.7863
496  80  0.0000  0.0000 26.6568
528  80  0.4192 -6.5352 31.3510
560  80  0.0000  0.0000 12.5637
592  80 -0.1084 -0.3893 39.9725
624  80 -1.0082  0.3635 12.1999
656  80 -0.5889  0.0786 13.0783
688  80 -0.2985  1.1970 11.6773
720  80 -0.2353 -0.0336 36.8198
752  80 -0.0769 -0.0248 15.6614
784  80 -0.0110 -0.0056 13.9535
816  80 -1.8687  1.7352 12.5812
848  80 -0.0592  0.0348 14.1981
880  80 -0.0141 -0.1407 12.6299
912  80 -0.1048  0.0080 14.2140
944  80 -0.0549 -0.0453 27.2434
976  80  0.0180 -0.0021 150.9124
 16 112  0.0106 -0.0051 34.3194
 48 112  0.0093 -0.0334 32.8705
 80 112 -0.0808  0.0129 24.3704
112 112 -0.0876 -0.0652 22.5693
144 112 -0.0566  0.0174 25.9403
176 112 -0.0278 -0.0649 20.2030
208 112 -0.0187 -0.0291 23.2265
240 112 -0.0674 -0.0280 23.7385
272 112  0.0029  0.0492 22.1578
304 112  0.0009  0.0017 26.3040
336 112 -0.0024 -0.1087 21.8555
368 112  0.1235 -0.2345 30.0445
400 112  0.1547 -5.9444 54.3628
432 112  0.0000  0.0000 24.6116
464 112  0.2346 -6.3661 65.4258
496 112  0.1709 -6.8536 47.9472
528 112  0.0000  0.0000 26.2949
560 112  7.4102 -0.1747 41.0131
592 112 -0.0241 -0.0901 20.2465
624 112  0.0495  0.0040 15.4876
656 112 -0.0335 -0.0556 15.9290
688 112  0.0353  0.0274 16.6316
720 112 -0.0573  0.0394 18.1894
752 112  0.1061  0.0256 21.7286
784 112  0.0559 -0.0304 18.6635
816 112 -0.1098 -0.0190 15.9525
848 112 -0.0395  0.0443 25.0921
880 112 -0.0514 -0.0089 20.2577
912 112 -0.0520 -0.0661 15.3721
944 112  0.0159  0.0112 16.7257
976 112 -0.0541 -0.0528 22.4274
 16 144  1.8907 -0.3025 14.6008
 48 144 -0.0116  0.0216 13.3246
 80 144 -0.1220  0.0638 14.5712
112 144  0.1223  0.0164 13.1670
144 144  0.1912 -0.1226 13.9083
176 144  0.2560  0.0001 13.3139
208 144  0.2148  0.0229 13.3067
240 144 -0.6386  0.0130 12.5239
272 144  0.1009  0.0571 13.3313
304 144  0.7513 -0.0502 12.7952
336 144  0.0992 -0.0675 65.5289
368 144  0.4695 -4.9813 41.7022
400 144  0.5531 -5.9089 49.5142
432 144  0.4506 -6.4809 47.2863
464 144  0.1755 -6.4800 55.2751
496 144  0.0940 -6.5156 54.0896
528 144 -0.0341 -6.5367 57.7682
560 144  0.0480 -5.7018 54.8966
592 144  0.0295 -0.3179 48.7985
624 144 -0.0141 -0.4236 13.2036
656 144  0.5908  0.1319 11.8646
688 144  0.2272  0.0413 12.4286
720 144  0.2727  0.0242 12.0120
752 144 -0.0838  0.0660 11.6706
784 144 -0.1236 -0.0138 12.1383
816 144  0.5237  0.0540 11.5517
848 144  0.1016  0.0037 11.9613
880 144  0.0200  0.0170 11.9842
912 144 -0.1842 -0.0388 12.1701
944 144  0.0167  0.0461 12.0516
976 144 -0.0843  0.0194 12.4525
 16 176  0.0802 -0.0475 12.1087
 48 176  0.1509  0.0519 12.3581
 80 176 -0.1110  0.0373 12.1817
112 176  0.2117  0.0449 12.2245
144 176 -0.0173 -0.0307 11.9509
176 176 -0.3634  0.0116 11.0146
208 176 -0.0221 -0.0476 11.3610
240 176  0.6998  0.0234 11.3420
272 176  0.5528 -0.0316 11.1416
304 176 -1.7801 -0.0403 11.9302
336 176 -0.2640  0.0624 43.5120
368 176  0.3889 -3.8179 41.7583
400 176  0.3615 -6.0817 45.8876
432 176  0.3283 -6.2396 56.2299
464 176  0.1671 -6.1919 69.3569
496 176  0.0893 -6.3711 74.9677
528 176 -0.0707 -6.2830 55.8383
560 176 -0.3720 -5.1050 55.3016
592 176 -0.1532 -0.7691 42.6416
624 176 -0.0062  0.1800 11.9048
656 176  0.1645  0.0559 11.1842
688 176 -0.0928  0.0477 11.2116
720 176  0.3492  0.0030 11.1678
752 176 -0.1690  0.0558 11.0542
784 176  0.2998  0.1457 10.9208
816 176 -0.1229 -0.0011 11.3010
848 176 -0.2622  0.0194 11.0861
880 176 -0.0924  0.0471 11.2051
912 176 -0.1035  0.0146 11.3281
944 176 -0.0069  0.0100 11.6171
976 176 -0.0175  0.0449 11.4943
 16 208 -0.0211  0.0361 13.3189
 48 208 -0.0321 -0.1172 12.7445
 80 208  0.0520 -0.0473 16.2825
112 208  0.1776  0.1020 12.4273
144 208 -0.0213 -0.7074 15.3922
176 208 -0.4958  0.1532 14.0860
208 208 -0.1315 -0.0507 15.9432
240 208  0.0336  0.2019 13.4820
272 208 -0.2496  0.1025 13.3032
304 208 -0.0810  0.1395 15.7794
336 208  0.0539 -0.0344 26.5000
368 208  0.5232 -5.0250 36.1989
400 208  0.4120 -5.8566 56.5917
432 208  0.4261 -6.0834 66.5770
464 208  0.1913 -6.2483 58.2347
496 208  0.0206 -6.2228 83.9218
528 208 -0.0955 -6.2653 61.7206
560 208 -0.1641 -5.0704 67.6771
592 208 -0.0166 -0.8491 31.0847
624 208 -0.0100  0.0308 14.0001
656 208 -0.1025  0.0335 15.7640
688 208 -0.1129  0.0523 16.0288
720 208 -0.0325  0.0567 16.1040
752 208 -0.1009  0.0276 15.3232
784 208  0.0376  0.0695 13.1417
816 208 -0.3552  0.0255 12.2759
848 208  0.9580  0.1647 12.6653
880 208 -1.0608  0.0437 12.6694
912 208  0.0315  0.0353 12.6597
944 208 -0.1248  0.0578 14.2030
976 208  0.0841  0.0129 13.5753
 16 240  0.0819  0.1576 13.6696
 48 240  0.0265 -0.0670 15.0744
 80 240 -0.0272 -0.0951 15.1911
112 240  0.3378 -0.0997 12.8346
144 240 -0.0962 -0.0503 15.6791
176 240  0.0041 -0.0295 15.6831
208 240  0.0488  0.0080 17.1127
240 240  0.6360 -0.2239 14.5332
272 240  0.0209  0.2050 16.9975
304 240 -0.0660 -0.0090 20.8774
336 240  0.2214  0.0052 45.3877
368 240  0.4482 -5.2128 43.4638
400 240  0.3205 -5.6689 66.2125
432 240  0.3146 -5.9957 84.5499
464 240  0.0444 -6.0266 57.5455
496 240 -0.0410 -6.1430 105.1322
528 240 -0.0529 -5.9275 71.7415
560 240 -0.3647 -5.1791 52.4594
592 240  0.0282 -0.2205 47.8778
624 240  0.0920 -0.0129 12.8767
656 240 -0.1859 -0.0239 34.1590
688 240 -0.2315 -0.0376 76.9834
720 240 -0.1398 -0.1839 80.2224
752 240 -0.1455 -0.0016 75.1737
784 240 -0.1840  0.0788 54.8462
816 240 -0.1567     NaN 22.2868
848 240 -1.1775  0.8638 15.4889
880 240  0.0000  0.0000 10.3891
912 240  0.0000  0.0000  9.3274
944 240  0.0042 -0.9716 14.0202
976 240 -0.0149 -0.0154 14.1054
 16 272  0.0198 -0.2095 29.5019
 48 272 -0.1468  0.0247 31.5451
 80 272  0.1841     NaN 33.1611
112 272  0.1425 -0.0067 26.7426
144 272  0.0435  0.0764 32.1413
176 272 -0.0379 -0.0977 32.1308
208 272  0.1410 -0.1960 24.0261
240 272  0.7282  0.7987 12.0245
272 272 -0.0387 -0.2478 21.9290
304 272 -0.2343 -0.1627 18.8081
336 272 -0.0417 -0.2006 24.6952
368 272  0.2740 -5.0727 62.3137
400 272  0.4916 -5.6957 71.3345
432 272  0.1779 -5.7265 81.7432
464 272  0.0980 -5.8688 75.6964
496 272 -0.0407 -5.8604 89.6976
528 272 -0.1380 -5.9140 93.2881
560 272  0.0000  0.0000 34.6743
592 272  0.0871 -0.0115 43.8357
624 272 -0.0212  0.0257 12.9455
656 272 -0.0693  0.0051 32.0354
688 272 -0.1365  0.0105 45.7324
720 272 -0.1153     NaN 76.6282
752 272 -0.1497 -0.0902 77.2130
784 272 -0.2188 -0.0389 54.0583
816 272 -1.4447  0.9342 13.9518
848 272 -0.7855 -2.4423 13.2267
880 272  0.0000  0.0000 10.0397
912 272  3.1073 -1.8129  9.4860
944 272 -1.0076  0.1254 13.7315
976 272  0.0219 -0.0032 14.4835
 16 304 -0.1411     NaN 29.2014
 48 304  0.0488     NaN 38.7591
 80 304 -0.0112  0.0452 42.8841
112 304     NaN -0.0543 38.6664
144 304     NaN     NaN 46.8800
176 304  0.1081     NaN 34.7148
208 304 -0.1427  0.0185 32.5750
240 304 -0.0152 -0.2396 13.3379
272 304     NaN -0.2577 17.6407
304 304 -0.0558 -0.0470 15.7520
336 304  0.1294 -3.6686 59.4454
368 304  0.4298 -4.5869 50.0393
400 304  0.2323 -5.5964 80.4864
432 304  0.1789 -5.6022 60.1775
464 304  0.0694 -5.6278 74.3722
496 304  0.0312 -5.6989 59.2192
528 304 -0.2111 -5.6818 84.3153
560 304 -0.3950 -5.0388 67.7500
592 304 -0.0693 -0.3683 46.5672
624 304 -0.0281  0.0494 12.1541
656 304 -0.1230  0.0148 26.3123
688 304 -0.1316  0.0062 70.4105
720 304 -0.1353 -0.0682 53.3375
752 304 -0.2152     NaN 85.6442
784 304 -0.0304 -0.0315 28.8227
816 304 -0.0206 -8.0173 14.9613
848 304  0.0000  0.0000 11.8106
880 304 -2.8680 -0.2200 11.6759
912 304 -1.9841  0.0629 13.0330
944 304  0.6499  0.1052 12.9738
976 304  0.2201 -0.0811 12.7030
 16 336  0.2668  0.2819 40.9277
 48 336     NaN     NaN 45.0390
 80 336 -0.1564 -0.1650 59.6128
112 336 -0.1981 -0.1222 43.1825
144 336 -0.0153     NaN 48.1938
176 336  0.1254     NaN 34.7708
208 336 -0.1069 -0.0407 24.1272
240 336 -0.0313  0.0398 14.3636
272 336     NaN -0.2764 20.1650
304 336  0.0898 -0.1483 15.0941
336 336  0.3213 -2.9786 41.1711
368 336  0.4510 -4.9154 77.8966
400 336  0.2910 -5.2706 59.0671
432 336  0.0660 -5.5259 74.1420
464 336  0.1158 -5.5471 99.8942
496 336  0.0850 -5.5761 69.7281
528 336 -0.1532 -5.6061 64.0935
560 336 -0.4727 -4.7716 56.2562
592 336  0.0053 -0.1150 79.7587
624 336 -0.0347 -0.1134 12.5148
656 336 -0.1322 -0.1658 66.6639
688 336 -0.1008 -0.1291 60.0032
720 336 -0.1171 -0.0562 37.5031
752 336 -0.1052 -0.0276 41.7186
784 336  0.0383 -0.0683 24.3625
816 336  0.8296  0.0800 15.8289
848 336  0.0433 -1.3312 12.6067
880 336 -1.3008 -0.0908 12.0740
912 336  2.5996 -0.8266 12.4786
944 336 -1.1973 -0.3582 18.0092
976 336 -0.5669 -0.9744 14.4834
 16 368 -0.0194 -0.1010 41.2324
 48 368 -0.1415  0.2749 36.3791
 80 368     NaN     NaN 45.3532
112 368     NaN     NaN 44.5215
144 368     NaN     NaN 36.8468
176 368     NaN  0.0040 26.7103
208 368 -0.1025     NaN 33.5204
240 368  0.0102 -0.0769 14.0452
272 368 -0.2568 -0.2511 31.1278
304 368  0.2337 -0.0220 12.8876
336 368  0.5449 -3.4074 37.7375
368 368  0.3195 -4.7480 95.5107
400 368  0.2038 -5.3296 72.9390
432 368  0.1941 -5.2113 63.4141
464 368  0.1102 -5.3917 70.8632
496 368 -0.1106 -5.4049 87.4419
528 368 -0.2158 -5.1325 77.0347
560 368 -0.3133 -4.8763 74.1578
592 368 -0.2665 -0.7297 43.7041
624 368 -0.2453 -3.6947 12.3256
656 368 -0.0459 -0.0331 25.8168
688 368 -0.0963     NaN 60.8507
720 368     NaN     NaN 34.8040
752 368 -0.2065  0.0761 17.4218
784 368 -0.0147 -0.6472 10.9503
816 368 -0.0723 -1.1659 12.5043
848 368 -0.0121 -1.0826 11.2731
880 368 -4.1416  0.0715 11.6215
912 368  0.0000  0.0000 13.1222
944 368  1.0697  0.3292 14.5591
976 368     NaN     NaN 13.7818
 16 400  0.1583  0.2943 29.0183
 48 400 -0.1233 -0.0370 31.7693
 80 400  0.1903 -0.0619 50.0228
112 400     NaN -0.0291 42.1109
144 400     NaN     NaN 35.8454
176 400 -0.1044     NaN 39.0947
208 400  0.0202     NaN 42.5580
240 400 -0.0002 -0.0077 14.3367
272 400 -0.5931 -0.2239 17.8011
304 400 -0.0183  0.1947 18.0161
336 400 -0.1593 -3.3764 61.0997
368 400  0.3960 -4.6901 51.7377
400 400  0.1995 -5.2371 93.8660
432 400  0.1833 -5.1683 52.2448
464 400  0.0471 -5.1818 80.1291
496 400 -0.2064 -5.2716 71.3679
528 400 -0.2255 -5.1458 93.3640
560 400 -0.2662 -4.7493 63.5702
592 400 -0.1217 -2.2110 53.6321
624 400  1.8899 -0.0963 21.8687
656 400 -0.0561  0.0539 15.5489
688 400 -0.0228  0.1107 30.1707
720 400 -0.1332  0.1673 31.8074
752 400  0.2518 -0.6473 15.3845
784 400 -5.4367 -2.0672 14.2518
816 400  1.4979  0.8063 15.0900
848 400     NaN     NaN 17.9187
880 400     NaN -0.7680 13.0103
912 400     NaN -6.0397 11.5467
944 400  8.2519 -3.0378 14.4296
976 400 -4.8278 -1.9579 17.3053
 16 432  0.0146 -0.0811 29.5318
 48 432  0.1874 -0.0734 28.5591
 80 432  0.0006  0.0481 38.7448
112 432 -0.0602 -0.1041 45.9944
144 432     NaN     NaN 22.6504
176 432 -0.0669     NaN 31.7335
208 432 -0.3213  0.2018 35.0154
240 432 -0.2183  0.1096 12.8427
272 432 -2.6397 -2.9319 15.8405
304 432 -0.0602  0.0390 36.5857
336 432  0.2028 -3.3137 74.5931
368 432  0.2887 -4.6996 54.8173
400 432  0.1332 -4.7885 68.7069
432 432  0.1485 -5.0868 98.3778
464 432  0.0423 -5.0571 105.9382
496 432 -0.0132 -5.0906 70.6072
528 432 -0.1592 -5.0435 95.2376
560 432 -0.3808 -4.9767 82.3263
592 432 -0.2576 -3.3611 57.8752
624 432  0.3070 -2.9393 36.9462
656 432 -0.1588 -0.2099 14.5509
688 432 -0.0074  0.0344 16.3607
720 432  4.9344     NaN 11.6970
752 432  0.0744 -3.2711 12.3424
784 432 -0.1078  4.8332 15.3733
816 432 -1.8977 -0.1678 13.3233
848 432 -1.2962  0.1975 12.2818
880 432 -3.2235  2.1704 11.1796
912 432 13.9259  5.2663 11.8769
944 432  0.8642  0.0259 14.7742
976 432  0.2019 -1.0437 17.6843
 16 464 -0.1175  0.1854 38.6163
 48 464 -0.0987     NaN 38.4087
 80 464 -0.0952  0.0205 31.5966
112 464     NaN  0.0412 39.8855
144 464 -0.0434     NaN 30.6495
176 464 -0.2035     NaN 20.9589
208 464  0.0453  0.0043 24.8885
240 464  0.0333 -0.2701 12.3539
272 464 -0.0298  0.0479 16.2478
304 464  0.1513 -0.1379 22.4964
336 464  0.3888 -3.7023 72.7717
368 464  0.2931 -4.7992 95.5862
400 464  0.2533 -4.8346 72.5567
432 464  0.1738 -4.9031 106.2974
464 464  0.0030 -4.9238 95.7339
496 464 -0.0875 -4.9586 89.9374
528 464 -0.0594 -4.9763 80.8161
560 464 -0.3106 -4.7700 83.0061
592 464 -0.1465 -3.0336 67.8675
624 464  0.1633 -2.6594 75.6060
656 464  0.1277 -0.7680 11.5590
688 464 -0.0080  1.1640 12.3876
720 464  4.0208 -2.6086 12.2455
752 464  0.9206 -1.3423 14.9119
784 464 -5.6671 -0.6997 13.4637
816 464  2.7949  4.0753 15.6163
848 464 -1.8728  0.7515 16.0274
880 464 -2.2470     NaN 11.6701
912 464 15.3753     NaN 10.6577
944 464     NaN     NaN 15.4491
976 464     NaN 12.0211 16.0264
 16 496 -0.1751 -0.2369 30.0673
 48 496 -0.1927 -0.1407 43.1691
 80 496  0.0037 -0.1938 34.1892
112 496 -0.1172 -0.0706 29.6087
144 496  0.2274  0.1250 28.8674
176 496  0.0675  0.1307 22.2787
208 496  0.1230  0.0758 16.1964
240 496  0.0199 -0.0649 12.9691
272 496  0.0000  0.0000 17.9274
304 496 -0.0953  0.0645 19.4993
336 496  0.3601 -3.4414 58.3909
368 496  0.4004 -4.5436 58.0504
400 496  0.1256 -4.7521 69.7096
432 496  0.0691 -4.8951 71.5073
464 496 -0.0261 -4.8316 118.7612
496 496 -0.1299 -4.8832 87.5025
528 496 -0.0553 -4.8791 90.4706
560 496 -0.1883 -4.7098 68.4510
592 496 -0.2147 -3.5913 55.9863
624 496 -0.0636 -0.2053 98.0188
656 496 -0.0115  0.7425 11.1174
688 496  0.2076 -1.2948 12.6494
720 496 -0.0399 -0.2111 16.3041
752 496 -3.1629 -3.0483 10.2496
784 496 -0.9461 -1.0777 13.2910
816 496 -0.7735 -1.2077 12.7072
848 496  0.8165 -2.5726 12.5721
880 496  2.2508  0.2920 14.5235
912 496 -2.1029 -0.9604 11.9906
944 496 -0.6588 -0.0027 13.4237
976 496     NaN  3.8976 15.9559
 16 528 -0.0661 -0.0314 32.4098
 48 528  0.0445  0.0519 26.5341
 80 528 -0.0602 -0.0427 24.3459
112 528 -0.0154  0.1521 29.6021
144 528 -0.0969  0.0848 24.3968
176 528  0.1992  0.0324 26.2693
208 528  0.1347 -0.1881 14.5025
240 528 -0.2421  0.2365 14.7455
272 528 -3.8979 -4.2830 17.1791
304 528  0.1203 -0.3517 22.6256
336 528 -0.1385 -3.6330 64.1230
368 528  0.3147 -4.5889 29.7563
400 528  0.2231 -4.8522 91.3769
432 528  0.0374 -4.7485 74.1623
464 528  0.0273 -4.7015 56.9684
496 528 -0.1076 -4.4127 56.1397
528 528 -0.1271 -4.6690 72.8954
560 528 -0.3467 -4.3672 57.7381
592 528 -0.2359 -2.8975 52.0405
624 528 -0.0142 -0.2735 57.5244
656 528  0.0356  0.2148 12.0034
688 528 -0.0290 -0.0057 17.1772
720 528 -0.1286 -0.0201 14.1610
752 528  0.1861 -0.0072 13.5668
784 528  3.9763 -0.6981 11.4954
816 528  0.0854 -1.2763 12.0003
848 528 -0.0627 -3.0034 13.6878
880 528  2.9031  1.7579 11.6783
912 528  0.0000  0.0000 11.4368
944 528 -0.2322  0.0369 18.3856
976 528  1.6550 -1.0506 15.2804
 16 560 -0.2130 -0.1483 29.6961
 48 560 -0.0650  0.0636 34.8647
 80 560  0.1001  0.1238 29.1766
112 560  0.0381  0.1932 27.2743
144 560  0.1768 -0.1139 25.7454
176 560  0.3088 -0.0294 27.9758
208 560  0.0228  0.0519 13.3805
240 560  1.2652  2.9230 17.2214
272 560 -2.6496     NaN 13.3881
304 560  0.2737 -1.1322 29.7309
336 560  0.2671 -3.4859 56.7948
368 560  0.1417 -4.2805 77.4182
400 560  0.1566 -4.6847 80.1622
432 560  0.1179 -4.5534 70.1406
464 560  0.1584 -4.7450 88.4380
496 560  0.0664 -4.6516 70.1128
528 560 -0.2718 -4.7015 56.3961
560 560 -0.3081 -4.4065 60.8349
592 560 -0.0423 -3.4981 45.7995
624 560 -0.1998 -1.4089 48.6316
656 560  0.0273 -0.0712 16.7186
688 560 -0.1259  0.0237 20.9987
720 560 -0.1006 -0.0360 34.8294
752 560 -0.0291  0.1829 23.5465
784 560 -1.3580  0.0973 14.7840
816 560  0.1659  1.4349 10.7218
848 560  0.2771  1.3604 11.9304
880 560 -0.2793 -6.0834 15.2387
912 560  0.8639  4.7844 15.2854
944 560 -2.2893 -0.6520 16.1564
976 560 -0.2581  0.2407 12.1898
 16 592  0.1095     NaN 36.3570
 48 592 -0.3475  0.0583 40.6589
 80 592  0.0928  0.0186 34.7181
112 592  0.1449 -0.0317 33.0966
144 592  0.3776  0.0804 28.3105
176 592  0.1499 -0.1483 17.8855
208 592 -0.1343  0.0635 14.8046
240 592     NaN  0.0831 23.5175
272 592 -0.0118 -0.1129 16.6037
304 592  0.1985 -1.9955 63.4382
336 592  0.3701 -3.7613 68.9777
368 592  0.3200 -4.3711 79.9054
400 592  0.0942 -4.4814 66.8209
432 592  0.1209 -4.4216 74.3199
464 592  0.0232 -4.5969 83.7512
496 592  0.0208 -4.4361 74.1403
528 592 -0.2959 -4.2075 55.6426
560 592 -0.2846 -4.2615 66.6946
592 592  0.0100 -3.5720 64.1542
624 592 -0.1955 -1.9556 77.5993
656 592  0.0097 -0.0520 11.3818
688 592  0.0109  0.0673 16.0918
720 592 -0.1095     NaN 54.6006
752 592 -0.1466  0.1763 28.8790
784 592 -0.1298  1.0753 15.2798
816 592 -0.1914  1.2702 13.0845
848 592  0.0801  1.2988 17.8185
880 592  0.1118 -1.0557 18.2397
912 592  1.9310     NaN 14.7651
944 592 -0.0830 -2.5891 17.6141
976 592 -0.3369  0.6251 14.1136
 16 624 -0.1083 -0.1995 33.1024
 48 624 -0.1775 -0.1361 37.4104
 80 624  0.0897  0.1132 34.2244
112 624 -0.1263  0.1049 25.9238
144 624  0.0392 -0.0094 27.1638
176 624  0.0205  0.0331 17.2533
208 624  0.3464 -0.1035 16.9607
240 624 -0.1671  0.0483 36.0168
272 624 -0.0459 -0.3137 17.6842
304 624  0.3439 -0.1449 81.2657
336 624  0.3681 -3.8977 90.2986
368 624  0.1595 -4.2277 91.8024
400 624  0.1895 -4.3410 75.4204
432 624  0.0119 -4.3345 102.8028
464 624  0.0443 -4.4501 92.5652
496 624 -0.0764 -4.3108 77.9504
528 624 -0.1242 -4.3652 65.6154
560 624 -0.2546 -4.2993 87.6168
592 624 -0.1230 -3.8240 86.2148
624 624 -0.1038 -0.3541 66.4378
656 624  0.0043 -0.6238 11.4845
688 624  0.0386  0.0677 13.6691
720 624 -0.1111 -0.0425 48.9314
752 624 -0.1833  0.1011 17.7574
784 624 -4.0603  0.3793 15.5621
816 624  0.0965 -2.7313 11.6379
848 624 -0.0655  1.1921 11.8427
880 624  1.9811  0.0529 17.2079
912 624 -0.6380 -0.1045 14.5681
944 624  0.3388  0.0535 17.9540
976 624 -0.8901 -2.0777 17.2385
 16 656  0.1280 -0.0044 25.7783
 48 656  0.0314 -0.0034 29.7355
 80 656 -0.1445 -0.0461 23.0059
112 656 -0.0513  0.1437 27.5518
144 656 -0.0920  0.0582 24.5651
176 656 -0.1344 -0.0644 14.7289
208 656 -0.1786 -0.1131 27.2044
240 656 -0.1417  0.0949 27.1572
272 656 -0.0684 -0.0267 30.5222
304 656  0.3724 -2.1849 50.5697
336 656  0.3943 -2.9945 55.0080
368 656  0.2447 -4.0691 67.2618
400 656  0.1079 -4.1645 90.7912
432 656  0.0920 -4.1967 74.9787
464 656  0.0931 -4.2686 100.5248
496 656 -0.0495 -4.2301 78.9942
528 656 -0.0966 -4.2577 86.4234
560 656 -0.1917 -4.2336 76.1490
592 656 -0.2452 -3.6289 63.8411
624 656 -0.0536 -0.3580 44.4565
656 656 -0.0774 -1.2622 12.9915
688 656  0.0127 -0.0718 13.0404
720 656 -0.4159     NaN 13.9420
752 656     NaN     NaN 14.9741
784 656     NaN -7.6799 15.3490
816 656  1.2469 -1.7242 14.3479
848 656  0.0545 -1.1949 14.4422
880 656  1.4239  0.0406 12.0772
912 656 -0.2149  0.5340 13.4814
944 656 -1.2137 -0.6495 13.4147
976 656 -0.8010 -1.0917 19.6861
 16 688     NaN -0.3564 28.3519
 48 688     NaN -0.1563 36.0135
 80 688  0.0446     NaN 31.6479
112 688 -0.1189 -0.1526 31.8572
144 688 -0.0519 -0.1326 18.8824
176 688  0.0352 -0.0888 17.3149
208 688 -0.1368 -0.0325 22.2145
240 688 -0.0068  0.0341 32.8468
272 688 -0.0056  0.0399 44.4252
304 688  0.0000  0.0000 47.2828
336 688  0.4219 -3.6618 48.7669
368 688  0.2921 -4.0567 43.7576
400 688  0.0964 -4.2120 81.3369
432 688  0.0873 -4.1328 42.4966
464 688  0.0844 -4.2512 77.7996
496 688  0.0140 -4.1880 69.3962
528 688 -0.0778 -4.1661 99.1196
560 688 -0.1126 -3.9831 73.5634
592 688 -0.2229 -3.6727 76.4993
624 688 -0.2181 -2.5280 33.6344
656 688 -0.0295 -0.4954 15.3935
688 688  0.0463 -0.7078 11.7917
720 688 -2.1869 -2.2141 14.0239
752 688  5.1779     NaN 13.4728
784 688 -1.0906 -13.5967 14.2768
816 688 -13.9215 -0.6559 11.9892
848 688 -4.0284 -0.0779 11.9549
880 688 -0.0956 -0.9461 13.2232
912 688 -0.0423  0.0216 34.4962
944 688 -0.0305  0.0935 16.4419
976 688 -0.0299  0.0421 28.0856
 16 720 -0.0007 -0.0582 27.2343
 48 720 -0.0876  0.0573 35.1525
 80 720  0.0866  0.0330 27.3604
112 720 -0.0045  0.0882 15.7083
144 720 -0.1196 -0.0553 15.0880
176 720  0.0429  0.3928 19.5504
208 720  0.1320  0.0308 24.7945
240 720 -0.0246  0.0444 33.6422
272 720 -0.0153 -0.0388 30.7399
304 720  0.3831 -2.9978 48.5182
336 720  0.2108 -3.8131 82.9083
368 720  0.3149 -4.2196 82.1572
400 720  0.0899 -4.0093 79.7339
432 720  0.1019 -4.0961 94.9624
464 720 -0.0116 -4.0821 60.8244
496 720 -0.0130 -4.0848 80.2474
528 720 -0.1032 -3.9889 80.3168
560 720 -0.1898 -3.9510 76.2103
592 720 -0.2801 -3.7399 65.4547
624 720 -0.0516 -1.3219 46.2680
656 720 -0.0268 -0.1638 20.2283
688 720  0.0244  0.6311 11.1626
720 720     NaN -3.8951 13.3128
752 720 -6.6903     NaN 12.1161
784 720  8.0750 -11.3540 11.4909
816 720 -2.2514 -7.1802 11.5296
848 720 -9.1902 -8.9787 11.9180
880 720  0.2306 -2.2666 11.9012
912 720 -0.0474 -0.0273 14.0434
944 720 -0.3084 -0.0526 12.0830
976 720 -0.0915 -0.0822 12.2417
 16 752  0.0001 -0.0049 22.8352
 48 752 -0.0063 -0.0432 17.6425
 80 752 -0.0094  0.0562 14.4822
112 752  0.0041  0.0231 13.7794
144 752 -0.0918 -0.1101 17.9870
176 752 -0.0229  0.0918 18.5509
208 752  0.0387  0.0748 25.5687
240 752  0.0529  0.0022 36.8307
272 752 -0.0413 -0.0137 21.6284
304 752  0.0889 -2.9091 90.8318
336 752  0.2022 -3.7112 69.8086
368 752  0.2107 -3.9964 88.9941
400 752  0.0831 -3.9778 66.5176
432 752  0.1329 -3.9904 59.7383
464 752 -0.0127 -3.9870 67.4825
496 752 -0.0387 -3.9858 65.7428
528 752 -0.0596 -4.0388 95.1558
560 752 -0.1956 -3.9198 58.7953
592 752  2.3885 -0.0712 32.8744
624 752 -0.2532 -2.1463 92.1115
656 752  0.0068 -0.2384 51.7384
688 752 -0.0130  0.7544 11.1351
720 752  0.0581  1.8436 13.5236
752 752 -0.4642     NaN 14.4430
784 752  0.2801  8.8787 14.1122
816 752     NaN  5.0410 12.5875
848 752 -2.2007  2.7922 13.8103
880 752     NaN     NaN 15.0226
912 752 -4.0553  0.1024 16.9317
944 752 -0.0387 -0.2176 15.9414
976 752  0.0468  0.2777 14.7179
 16 784 -0.0728  0.0357 12.8040
 48 784 -0.0527 -0.0229 13.5938
 80 784  0.0050  0.1887 17.2820
112 784 -0.0436 -0.1210 25.6831
144 784  0.0216  0.0890 19.1439
176 784  0.1119  0.0363 19.7278
208 784  0.0069  0.0260 29.2608
240 784  0.0502 -0.0147 43.4537
272 784  0.2406  0.5313 24.4228
304 784  0.2399 -2.7736 68.5723
336 784  0.2084 -3.6904 69.8762
368 784  0.2834 -3.9450 71.4517
400 784  0.1652 -3.9670 64.2839
432 784  0.0678 -3.9605 45.4175
464 784 -0.0564 -3.8874 69.2118
496 784 -0.0238 -3.7867 67.3764
528 784 -0.1056 -3.6144 61.9937
560 784 -0.2814 -3.8063 46.4095
592 784 -0.1239 -3.4444 44.8345
624 784 -0.2589 -2.5321 54.8026
656 784  0.0687 -0.2878 86.2265
688 784 -0.0028 -0.6964 10.8685
720 784  0.1239 -1.7503 12.4547
752 784 -0.6578  1.3015 16.5553
784 784  0.0000  0.0000 11.7000
816 784 -3.9147 -5.1230 10.6666
848 784  0.1291     NaN 14.4056
880 784 -15.1640 -2.3422 16.6025
912 784 -0.0276 -9.1578 18.0392
944 784 -0.0531 -0.7392 16.0197
976 784  0.0866 -0.8436 15.3060
 16 816  0.1350  0.0340 20.9113
 48 816  0.0000  0.0000 13.5163
 80 816 -0.2483  0.1249 26.1258
112 816 -0.0087 -0.1259 19.6669
144 816  0.1125  0.3314 24.8007
176 816 -0.0727  0.1811 22.5761
208 816 -0.0362 -0.3361 26.6312
240 816  0.0271 -0.0971 27.5459
272 816  0.1394 -1.3346 24.5794
304 816  0.2946 -2.8929 66.2795
336 816  0.1440 -3.5260 54.2380
368 816 -0.0129 -3.8786 73.4686
400 816  0.0737 -3.8183 62.0668
432 816  0.0791 -3.9091 87.0346
464 816  0.1019 -3.9383 73.2640
496 816 -0.0987 -3.8133 57.3000
528 816 -0.1903 -3.9289 57.7031
560 816 -0.2191 -3.6988 72.2553
592 816 -0.2877 -3.6959 68.2672
624 816 -0.2054 -2.5141 53.4543
656 816 -0.0682 -0.2862 57.4660
688 816  0.0439 -2.7194 12.7318
720 816  0.0419  1.3229 12.6278
752 816 -3.2213  9.1521 11.7157
784 816  0.0000  0.0000 13.4860
816 816  8.0851  2.1232 14.0811
848 816  0.0348 -1.4092 18.9472
880 816 -0.0366 -1.1159 13.4334
912 816  0.0543  0.1221 14.9338
944 816     NaN -1.6629 13.7740
976 816  0.4194 -0.0472 14.9096
 16 848 -0.0172     NaN 25.1541
 48 848  0.0588  0.2535 22.8445
 80 848  0.1307  0.0314 17.3317
112 848 -0.0856  0.0255 28.0606
144 848  0.0913 -0.0029 32.2842
176 848  0.0602 -0.0999 27.3749
208 848 -0.0708 -0.0871 26.4011
240 848  0.0658 -0.0992 18.9692
272 848  0.4304 -0.8095 32.7081
304 848  0.4585 -2.9600 53.1628
336 848  0.0818 -3.5493 48.1489
368 848  0.1848 -3.7654 39.0459
400 848  0.2068 -3.9184 44.3472
432 848 -0.0209 -3.8458 75.8801
464 848  0.0164 -3.7995 71.7520
496 848 -0.0651 -3.9588 57.2343
528 848 -0.1587 -3.7435 53.1883
560 848 -0.1712 -3.6696 53.8417
592 848 -0.1712 -3.5765 55.4639
624 848 -0.3817 -2.6788 53.1209
656 848  0.1253 -0.4210 43.5804
688 848 -0.1254 -0.0420 11.1024
720 848  0.0453  1.3638 10.9259
752 848  1.1352 18.1877  9.7005
784 848 -1.4288     NaN 13.5835
816 848 -5.7689  1.9490 16.1346
848 848  5.6919     NaN 15.5514
880 848 -3.0737     NaN 16.3983
912 848  2.9481     NaN 15.9056
944 848 -2.0302     NaN 15.3281
976 848  1.2682 -1.9836 18.1462
 16 880 -0.3164 -0.0143 18.7807
 48 880 -0.0342  0.2546 24.0290
 80 880  0.0804  0.1709 29.7074
112 880     NaN     NaN 22.4396
144 880     NaN     NaN 20.9977
176 880 -0.0591 -0.1576 38.9380
208 880  0.0716 -0.0164 25.0902
240 880  0.0075  0.0060 21.7821
272 880  0.2346 -0.5013 58.4790
304 880  0.2138 -2.9263 59.1175
336 880  0.2150 -3.5051 53.6661
368 880  0.1109 -3.8228 79.4723
400 880 -0.0469 -3.7289 76.1511
432 880 -0.0229 -3.8407 59.2050
464 880  0.0078 -3.7748 67.2845
496 880 -0.1402 -3.7638 57.9251
528 880 -0.1298 -3.9676 62.5914
560 880 -0.1575 -3.7660 51.7463
592 880 -0.0888 -3.3000 65.8078
624 880 -0.2346 -2.9526 68.5736
656 880 -0.0190 -0.2435 72.7070
688 880 -0.0635 -0.0382 11.6386
720 880  0.1674 -0.2777 12.3554
752 880  0.0000  0.0000 13.5187
784 880  1.0103     NaN 17.3104
816 880     NaN -1.8286 13.8208
848 880     NaN     NaN 15.1575
880 880  3.0575     NaN 16.6954
912 880  1.6249     NaN 13.3798
944 880 -0.1486     NaN 18.8625
976 880 -1.5292     NaN 16.5979
 16 912 -0.0061 -0.0890 16.7933
 48 912  0.0225  0.1838 15.7077
 80 912  0.2570     NaN 27.3505
112 912     NaN     NaN 21.3576
144 912     NaN -0.0695 49.0484
176 912  0.0902  0.1371 42.5882
208 912  0.0156  0.0447 29.3722
240 912 -0.0133 -0.0075 24.5696
272 912  0.3182 -0.9825 50.5305
304 912  0.0750 -2.9759 61.4642
336 912  0.3371 -3.4863 57.1170
368 912  0.2378 -3.5935 66.0393
400 912  0.1279 -3.5255 29.8246
432 912 -0.0381 -3.6837 76.4759
464 912  0.0822 -3.7912 83.7212
496 912  0.0104 -3.5970 37.4311
528 912  0.0149 -3.6469 61.1135
560 912 -0.0735 -3.4387 48.5597
592 912 -0.1224 -3.5659 53.7041
624 912 -0.1521 -2.9110 55.5251
656 912  0.0073 -1.4921 58.6755
688 912  0.0435 -1.7242 12.2659
720 912 -0.0532 -0.0289 13.9374
752 912  0.0358  0.8436 16.6443
784 912 -0.2383 -2.8532 18.1461
816 912 -2.4233 -1.2883 14.2281
848 912     NaN     NaN 14.7618
880 912     NaN  5.7671 17.1964
912 912  0.0000  0.0000 16.3533
944 912  1.3559     NaN 19.8097
976 912     NaN     NaN 16.7076
 16 944  0.0522  0.0777 17.0533
 48 944 -0.1649 -0.0526 15.7669
 80 944  0.2110  0.0100 18.4664
112 944 -0.2483 -0.1781 28.6613
144 944 -0.0267 -0.1069 48.0334
176 944  0.1382  0.0823 41.0880
208 944 -0.0564  0.1172 26.6805
240 944  0.0328  0.1863 24.3496
272 944  0.0060 -0.4933 33.4648
304 944  0.3054 -3.0907 48.5511
336 944  0.3624 -3.4206 42.8331
368 944  0.1119 -3.4818 58.3331
400 944  0.1534 -3.7335 53.8130
432 944  0.0396 -3.7873 73.5561
464 944 -0.1392 -3.3029 47.6970
496 944 -0.0241 -3.6108 59.8780
528 944 -0.1285 -3.6916 82.5031
560 944 -0.1286 -3.3981 55.3578
592 944 -0.2071 -3.4064 48.7468
624 944 -0.1394 -2.4897 60.5516
656 944 -0.0129 -1.4166 50.4782
688 944 -0.1030 -0.2713 14.0947
720 944 -0.0235 -0.0086 13.1981
752 944 -4.4121  2.1362 15.7293
784 944 -0.3476 -0.1250 15.5398
816 944  2.2553 -0.7263 16.8086
848 944 -0.0017 -0.0521 66.6847
880 944  0.1350  0.0393 48.3364
912 944 -0.2949 -0.1160 23.4661
944 944  1.3537  1.8360 16.8407
976 944 -1.4018  1.9421 17.5852
 16 976 -0.1451  2.4993 12.5249
 48 976  0.0998  0.1276 20.6477
 80 976 -0.1510 -0.0420 17.7977
112 976 -0.0432 -0.0677 20.0371
144 976  0.1158 -0.0271 25.5515
176 976  0.0925 -0.0488 55.9560
208 976  0.0562 -0.0533 36.2592
240 976  0.0227 -0.0859 19.3659
272 976  0.1219 -2.2411 41.8740
304 976  0.1780 -3.0208 52.7948
336 976  0.1298 -3.3453 59.6353
368 976  0.1191 -3.5225 39.7882
400 976  0.1836 -3.7667 65.6072
432 976  0.1422 -3.3455 43.9300
464 976 -0.0096 -3.5172 54.5512
496 976 -0.0233 -3.5023 55.3742
528 976 -0.1763 -3.4905 43.7012
560 976 -0.1187 -3.4822 58.6975
592 976 -0.0553 -3.2781 71.1433
624 976 -0.2094 -3.0373 66.8677
656 976  0.0000  0.0000 44.3650
688 976  0.0576 -0.0412 22.1046
720 976 -0.0268 -0.0795 12.3462
752 976 -7.1061     NaN 16.0709
784 976  0.2460 -4.0311 17.1027
816 976  0.0000  0.0000 15.2621
848 976  0.2907 -1.8182 16.1271
880 976  0.1022     NaN 15.4656
912 976 -0.2007  0.1091 16.2627
944 976  0.0000  0.0000 15.5607
976 976  0.7408  0.3392 16.4052
 16 1008  0.0045  0.0033 14.8972
 48 1008 -0.0118  0.0072 14.7117
 80 1008 -0.0047 -0.0102 14.4490
112 1008 -0.0018  0.0001 14.4158
144 1008 -0.0068  0.0035 14.2909
176 1008  0.0026  0.0114 14.5802
208 1008 -0.0268  0.0014 14.8786
240 1008 -0.0158 -0.0599 18.9593
272 1008  0.0391 -0.1074 17.8051
304 1008  0.2071 -2.5418 15.7433
336 1008  0.0903 -2.7246 15.9466
368 1008  0.0139 -2.8997 15.5799
400 1008 -0.3321 -0.0440 14.7097
432 1008  0.1465 -3.1496 20.1779
464 1008  0.0982  0.0320 14.6908
496 1008  0.1218 -2.5052 16.0011
528 1008  0.8845  0.0131 16.2168
560 1008 -0.0873 -2.9778 15.6646
592 1008 -0.2093  0.1046 13.8421
624 1008 -0.0140 -2.7486 16.5717
656 1008 -0.0853 -0.6130 17.0376
688 1008  0.0433  0.0126 19.0098
720 1008  0.0112 -0.0071 18.5766
752 1008 -0.0150 -0.0136 14.7939
784 1008  0.0041 -0.0293 14.5480
816 1008 -0.0024 -0.0118 14.7414
848 1008  0.0141 -0.0059 14.5747
880 1008 -0.0098 -0.0016 14.6574
912 1008 -0.0202  0.0250 16.7383
944 1008 -0.0098 -0.0043 21.0459
976 1008  0.0053 -0.0060 19.6309
