 16  16 -0.2327 -0.4937 62.7708
 48  16 -0.1497 -0.4948 55.9533
 80  16 -0.0293 -0.5032 52.2886
112  16 -0.0232 -0.3891 62.6754
144  16 -0.0623 -0.4457 65.5638
176  16 -0.0163 -0.4990 58.6896
208  16 -0.0242 -0.4992 56.5046
240  16  0.0390 -0.4798 54.7889
272  16  0.0046 -0.8456 60.9972
304  16  0.0352 -2.4299 56.6843
336  16 -0.0037 -4.5939 63.3528
368  16 -0.0701 -4.6792 55.5536
400  16  0.6723  4.9778 46.4631
432  16  0.9031 -0.5623 53.1112
464  16  0.2089 -0.5249 39.2468
496  16 -3.5850 -4.4323 35.2571
528  16  0.6621 -6.0897 40.4966
560  16  0.5106 -5.0096 32.6963
592  16 -0.0645 -0.5660 67.0750
624  16 -0.1442 -0.1451 71.9834
656  16 -0.0973 -0.2306 77.9437
688  16 -0.2598 -0.5383 85.9141
720  16 -0.1088 -0.1850 72.5702
752  16 -0.0623 -0.2395 56.2418
784  16 -0.0550 -0.3900 60.5345
816  16 -0.0917 -0.2082 76.9631
848  16  0.0084 -0.2576 68.7536
880  16 -0.0551 -0.1291 68.3515
912  16  0.0065 -0.0744 75.6596
944  16 -0.0351 -0.0564 77.7251
976  16 -0.0634  0.0043 67.5602
 16  48 -0.3871  0.0672 14.3988
 48  48 -0.3207  0.0847 18.6235
 80  48 -0.7277  0.1907 22.6130
112  48 -0.2918  0.0127 14.3604
144  48 -0.4322  0.1111 28.6137
176  48 -0.2348  0.1718 15.8962
208  48 -0.5183  0.1568 13.7198
240  48  0.0948  0.2099 30.5327
272  48  0.5757  0.0984 17.4463
304  48  0.3864  0.1018 15.9483
336  48  0.1036 -0.2312 15.9856
368  48  0.1168 -1.4095 15.1666
400  48  0.3393 -5.8184 52.3769
432  48 -19.9695  9.5543 17.8963
464  48  0.4642 -6.6562 31.8744
496  48  0.3385 -6.0411 19.1092
528  48  0.2616 -6.8784 33.9271
560  48  0.7993 -5.2567 16.3490
592  48  0.0461 -1.1510 67.6697
624  48 -0.4477 -0.0350 22.8819
656  48 -0.2000  0.0527 95.6195
688  48 -0.1952  0.0535 121.3871
720  48 -0.1063  0.0023 85.7001
752  48 -0.0390  0.0316 45.8488
784  48 -0.0095  0.0002 124.3739
816  48 -0.0845  0.0027 112.8609
848  48 -0.0681  0.0183 109.4736
880  48 -0.0660 -0.0195 109.9002
912  48  0.0112 -0.0047 116.5659
944  48 -0.0127  0.0069 97.4856
976  48 -0.0207 -0.0514 99.6752
 16  80 -0.4930  0.1678 82.7578
 48  80 -0.3966  0.1052 66.9776
 80  80 -0.3837  0.1770 41.1150
112  80 -0.4321  0.1251 42.4592
144  80 -0.2020  0.1435 48.8059
176  80 -0.1421  0.1814 21.6305
208  80 -0.0158 -0.0252 37.1561
240  80  0.0385  0.0066 53.0795
272  80  0.1552 -0.0687 97.8350
304  80  0.3270  0.0978 36.5093
336  80 -0.0001 -0.0861 17.0532
368  80  0.0334  0.7931 11.8615
400  80 -0.1710  0.0000 17.2005
432  80 -1.3112  5.8643 16.9778
464  80 -8.1552  0.0000 12.4053
496  80 -0.7486  0.0000 22.7768
528  80  0.6447 -6.8037 117.1455
560  80  0.2404 -6.0766 14.0631
592  80  0.1994 -0.1706 14.9130
624  80 -0.4029 -0.1336 46.0293
656  80 -1.1942  0.3035 11.6177
688  80 -0.6946  0.1706 13.0524
720  80 -0.0395 -0.2705 13.1704
752  80 -0.1206 -0.8335 11.5287
784  80 -0.7342 -0.1030 11.0116
816  80 -0.0090 -0.0315 30.9462
848  80  0.0652 -0.0319 12.1326
880  80  0.0926 -0.0859 14.2647
912  80 -0.0522  0.0749 15.6415
944  80  0.1064  0.0516 44.3389
976  80 -0.0391  0.0302 35.8057
 16 112  0.1080  0.0177 36.2347
 48 112  0.0235  0.0004 31.8099
 80 112 -0.0182  0.0267 23.6183
112 112 -0.0277 -0.0248 24.1677
144 112 -0.0101  0.0461 24.0808
176 112  0.0183  0.0424 19.1680
208 112 -0.0378 -0.0769 21.0751
240 112  0.0731  0.0136 25.2785
272 112  0.0198  0.0022 24.6568
304 112  0.0053 -0.0050 24.7461
336 112 -0.0177  0.0535 21.2938
368 112 -0.0621 -0.2909 33.7893
400 112  0.3880 -5.9639 78.2265
432 112 -0.4391  0.0000 25.0863
464 112 -1.5710  5.0730 36.2412
496 112  1.7032  3.9715 23.2946
528 112  0.4105 -2.7262 21.9608
560 112 -1.0324 -1.0068 47.1771
592 112 -0.0583  0.0063 19.8039
624 112  0.0355  0.0198 16.5863
656 112 -0.0108  0.0461 15.3428
688 112  0.0952  0.0252 17.2596
720 112  0.0311 -0.0032 18.3665
752 112 -0.0778 -0.0319 20.9131
784 112 -0.0038 -0.0369 18.3569
816 112  0.0334 -0.0486 17.7959
848 112 -0.0677 -0.0026 25.5169
880 112  0.1046 -0.0136 19.0206
912 112  0.0539 -0.1002 14.8983
944 112  0.0152  0.0477 15.1979
976 112  0.0912  0.0085 22.5450
 16 144 -0.3265  0.0154 15.4017
 48 144  0.3169  0.0834 16.0624
 80 144 -0.0246  0.0309 14.1654
112 144  0.0767  0.0364 13.2285
144 144 -0.1252 -0.0500 13.4832
176 144  0.0458  0.0355 13.3629
208 144  0.2409  0.0173 13.2772
240 144  0.3376 -0.0778 12.2045
272 144  0.2783  0.0149 13.3378
304 144  0.1733  0.0534 13.1534
336 144 -0.0064 -0.0350 68.5690
368 144  0.2870 -4.8507 54.6629
400 144  0.4677 -6.0624 49.0955
432 144  0.2262 -6.3041 39.5791
464 144  0.2588 -6.2878 57.6457
496 144  0.1897 -6.4931 54.9586
528 144  0.0638 -6.4228 64.9253
560 144 -0.0266 -5.5877 37.3406
592 144 -0.0399 -0.0955 60.1847
624 144  0.7613 -0.0999 13.7377
656 144 -0.6489 -0.0018 12.5058
688 144 -0.0247  0.0156 11.7864
720 144  0.4462 -0.0063 11.8152
752 144 -0.5860  0.0153 11.5921
784 144 -0.0145 -0.0292 12.4040
816 144 -0.1436  0.0821 11.5043
848 144  0.1095  0.0127 12.0607
880 144  0.1026  0.0871 11.9367
912 144 -0.0474 -0.0341 11.9579
944 144  0.1400  0.0802 11.8817
976 144 -0.0549  0.0094 12.2887
 16 176  0.0160 -0.0424 12.3037
 48 176 -0.0285 -0.0960 11.9260
 80 176 -0.0077 -0.1007 12.1375
112 176  0.0374  0.1289 11.7322
144 176 -0.2474  0.0542 11.7138
176 176  1.6161 -0.0101 10.9509
208 176  0.0106  0.0090 11.5793
240 176 -0.0621  0.1971 11.0364
272 176  0.3956  0.0858 11.1250
304 176  0.0836  0.1193 13.3544
336 176 -0.2744 -0.0318 38.4881
368 176  0.3107 -5.3174 49.1634
400 176  0.4396 -5.8748 51.5104
432 176  0.3737 -6.2747 49.4945
464 176  0.2199 -6.1320 64.0547
496 176 -0.0143 -6.2453 43.5263
528 176 -0.1184 -6.2616 65.0721
560 176 -0.1489 -4.9963 43.4661
592 176 -0.1099 -0.5120 29.9701
624 176  0.1854  0.1625 11.9856
656 176  0.0476  0.0909 11.0726
688 176 -0.1660  0.0117 11.2576
720 176 -0.0224  0.0154 11.3265
752 176  0.0677  0.0790 11.0043
784 176 -0.0520  0.1338 10.8747
816 176  0.1126  0.0239 10.9914
848 176 -0.2104  0.0231 11.0257
880 176 -0.1070  0.0479 11.2781
912 176  0.0753  0.0387 11.2679
944 176 -0.0211  0.0014 11.5548
976 176  0.0019 -0.0127 11.5376
 16 208  0.0288  0.0857 13.6668
 48 208 -0.0404  0.0010 13.3598
 80 208 -0.1218  0.1683 15.3223
112 208  0.1953  0.2552 14.2733
144 208 -0.2874 -0.0596 14.0338
176 208 -0.8933 -0.0403 15.5012
208 208 -0.0897  0.0668 16.7691
240 208  0.0526  0.0362 14.3880
272 208  0.0707 -0.0230 13.3028
304 208  0.1088 -0.0467 18.2845
336 208  0.2142 -0.1155 31.8240
368 208  0.6199 -4.4010 42.3344
400 208  0.4421 -5.9116 55.8742
432 208  0.2303 -6.1798 64.9827
464 208  0.1802 -6.1018 94.8686
496 208 -0.0070 -5.9673 72.6312
528 208 -0.1294 -6.1235 74.8926
560 208 -0.1997 -5.4265 47.5887
592 208  0.0031 -0.3522 37.9972
624 208 -0.0481 -4.6384 12.7652
656 208 -0.0940  0.0024 16.4538
688 208 -0.1182  0.0176 16.1016
720 208 -0.0467  0.0757 15.8662
752 208 -0.0697  0.0214 15.0861
784 208 -0.0173  0.0186 13.6398
816 208 -0.3415  0.0736 12.3775
848 208  0.0301  0.0791 12.7370
880 208  0.9845  0.0078 12.1004
912 208 -0.6303 -0.0344 12.4195
944 208 -0.0823  0.0208 14.0715
976 208  0.0093 -0.0181 13.4560
 16 240 -0.0476  0.0617 15.4403
 48 240  0.0452  0.0182 15.4071
 80 240  0.0091 -0.0158 15.3985
112 240  0.1849  0.1231 15.0236
144 240  0.0339 -0.1218 16.2953
176 240 -0.0194 -0.0499 16.2097
208 240  0.0172 -0.0322 19.3714
240 240  0.1108  0.0395 14.7780
272 240 -0.1578  0.2715 18.0067
304 240  0.0017 -0.1078 19.9896
336 240  0.3005 -2.5773 22.9545
368 240  0.3419 -4.1418 67.3559
400 240  0.4288 -5.6500 73.7583
432 240  0.1819 -5.8815 77.8775
464 240  0.2020 -5.9928 75.2641
496 240 -0.0022 -5.9539 71.9370
528 240 -0.0340 -5.8886 79.6584
560 240 -0.1722 -5.2884 64.2447
592 240 -0.0446 -0.3374 45.6994
624 240  0.0234 -0.0466 12.3156
656 240 -0.1405 -0.0308 33.3871
688 240 -0.2744  0.0256 77.4020
720 240 -0.1326 -0.0329 69.0889
752 240 -0.2382  0.1176 71.7150
784 240 -0.1142  0.0767 46.5921
816 240  0.0320 -0.0675 24.1633
848 240  0.1613  0.0000 14.7922
880 240  0.4128  0.0000 11.0513
912 240 -0.3402  0.0000  8.3499
944 240 -0.3834  0.6646 15.5551
976 240  0.2668 -0.0870 14.5702
 16 272 -0.0003 -0.0456 38.8320
 48 272 -0.0083 -0.1288 41.0135
 80 272 -0.1384  0.1651 44.9074
112 272 -0.1749 -0.0471 35.3071
144 272  0.2686  0.1001 51.1013
176 272 -0.0310  0.0566 37.6875
208 272 -0.1647  0.0652 27.9527
240 272  0.0026 -0.0574 13.7697
272 272  0.0772  0.0208 28.4792
304 272 -0.1526  0.1100 22.9020
336 272  0.3081 -0.4200 32.8892
368 272  0.3832 -5.0721 83.3369
400 272  0.3709 -5.5851 67.5911
432 272  0.2735 -5.7431 71.2311
464 272  0.1082 -5.8904 62.0602
496 272  0.0705 -5.7847 59.5382
528 272 -0.0754 -5.7367 67.8468
560 272 -0.2575 -5.3558 87.1448
592 272  0.0128 -0.3428 38.8495
624 272  0.0610 -0.0891 12.7255
656 272 -0.2011 -0.0126 33.6487
688 272 -0.1189 -0.0267 49.9374
720 272 -0.1838  0.0229 71.8148
752 272 -0.1364 -0.0171 76.6158
784 272 -0.1527  0.0197 58.5088
816 272  0.1920  0.3129 13.8002
848 272  0.1199 -6.1012 12.2000
880 272  0.5086  0.0000  9.8830
912 272  0.9968 -0.6419 10.6369
944 272 -1.7183 -0.0425 13.9300
976 272  0.0737  0.0531 14.6340
 16 304 -0.0238 -0.0622 48.5064
 48 304 -0.0697 -0.0545 50.7368
 80 304 -0.0981 -0.0182 50.0246
112 304 -0.0113  0.0685 56.8022
144 304  0.0373 -0.0250 52.1054
176 304  0.1942 -0.0693 60.0719
208 304  0.0473 -0.2626 31.9034
240 304 -0.0748 -0.0532 16.0225
272 304 -0.1427  0.2736 25.4081
304 304  0.0007 -0.0602 18.9005
336 304  3.9054  2.9019 45.1018
368 304  0.4400 -4.6697 63.4442
400 304  0.2418 -5.2559 81.7969
432 304  0.1151 -5.4161 80.6755
464 304  0.0094 -5.6782 69.8513
496 304 -0.0253 -5.4639 45.3774
528 304 -0.0517 -5.5606 49.2704
560 304 -0.3000 -5.1438 50.9964
592 304  0.0791  0.0532 48.5297
624 304 -0.0249  0.0668 11.8969
656 304 -0.1414  0.0098 28.8228
688 304 -0.1202 -0.0700 67.8880
720 304 -0.1993  0.0059 44.5013
752 304 -0.1882  0.0363 79.1298
784 304 -0.1521 -0.0052 32.1937
816 304  0.3087 -0.6461 14.4354
848 304  0.3104  0.0000  8.1748
880 304 -0.2642  0.0000 12.3036
912 304 -0.0837  1.2739 13.5100
944 304 -0.1003  0.1392 12.2992
976 304  0.0105  0.0307 13.2282
 16 336  0.2745  0.0892 50.6510
 48 336  0.1954  0.1028 56.6947
 80 336 -0.1976 -0.0651 59.6942
112 336 -0.1016 -0.1638 64.9413
144 336  0.0736 -0.0563 68.8900
176 336  0.1215 -0.0137 50.8198
208 336  0.1331 -0.0123 35.6104
240 336  0.0482  0.0601 14.7477
272 336 -0.1200  0.2522 28.9236
304 336  0.0612 -0.1964 17.1254
336 336  0.2558 -1.7506 50.8932
368 336  0.1406 -4.5878 62.6501
400 336  0.2741 -5.2769 80.1564
432 336  0.0280 -5.5324 66.7498
464 336 -0.0685 -5.4146 67.0020
496 336 -0.1366 -5.3612 81.7881
528 336 -0.3238 -5.4858 56.2030
560 336 -0.2686 -4.9494 70.5495
592 336 -0.0489 -0.3486 59.2244
624 336  0.0387 -0.1338 11.8248
656 336 -0.1657  0.0067 55.4871
688 336 -0.0884 -0.1312 63.3196
720 336 -0.1361 -0.0966 39.1457
752 336 -0.1139 -0.0901 38.5234
784 336  0.0615 -0.1954 25.8171
816 336 -0.9990  0.0220 14.6583
848 336 -0.0840 -1.1957 13.0945
880 336  0.2873 -0.9636 12.3700
912 336 -0.0734 -1.1733 13.6250
944 336  1.0901 -1.1568 14.7896
976 336  0.6610  0.2044 15.8963
 16 368  0.1577 -0.0335 54.9309
 48 368 -0.0964  0.1229 70.0098
 80 368 -0.0118  0.1115 61.5838
112 368 -0.1131  0.0128 53.8249
144 368 -0.0741 -0.0364 56.7866
176 368 -0.0932 -0.0326 48.1901
208 368  0.0143 -0.0900 43.9601
240 368 -0.0201 -0.0711 16.1829
272 368 -0.0362 -0.1255 36.4155
304 368 -0.0732  0.1583 13.3905
336 368  0.2114  0.0000 46.0661
368 368  0.2776 -4.7926 78.1179
400 368  0.2883 -5.1470 74.7920
432 368  0.1088 -5.3177 70.6136
464 368 -0.0186 -5.3254 78.8674
496 368 -0.1169 -5.1852 100.2888
528 368 -0.2495 -5.3291 82.4985
560 368 -0.2480 -5.2786 69.1456
592 368 -0.0339 -0.5235 59.0482
624 368 -0.1571 -2.7115 12.3252
656 368 -0.0611  0.0017 22.7555
688 368 -0.0949  0.0779 54.0476
720 368 -0.2593  0.3472 37.4789
752 368 -0.1413 -0.0630 16.5014
784 368  0.1107  0.0760 10.9103
816 368 -0.0193 -1.1866 12.6613
848 368  2.0212 -0.0138 11.2085
880 368 -3.0596 -1.9393  9.9148
912 368 -1.2867 -1.6729 12.4505
944 368  3.0731 -0.9414 14.8824
976 368  1.7499  0.0000 13.0956
 16 400  0.0992 -0.0689 48.5606
 48 400 -0.0724  0.1411 40.6020
 80 400 -0.1504  0.0068 60.8865
112 400 -0.0608  0.0389 52.6159
144 400 -0.0323  0.0287 51.3803
176 400 -0.0709  0.0430 64.9081
208 400  0.0725  0.0601 43.4122
240 400 -0.1147 -0.0188 14.1229
272 400 -0.2593  0.3344 18.0335
304 400 -0.0036 -0.0328 18.7591
336 400  0.3098 -3.8057 61.6825
368 400  0.4239 -4.7976 54.5388
400 400  0.2401 -5.0623 78.5199
432 400  0.0116 -5.1519 74.1461
464 400 -0.0274 -5.1117 66.8186
496 400 -0.0400 -5.1616 99.0449
528 400 -0.2210 -5.1665 86.1993
560 400 -0.2897 -4.6617 63.3305
592 400 -0.4434 -3.5356 34.5269
624 400 -0.1433 -1.2651 17.4850
656 400 -0.0401 -0.0347 15.1040
688 400  0.0293  0.0684 28.0840
720 400 -0.0268  0.3139 22.2566
752 400 -1.1251  0.9644 16.3291
784 400 -1.9186 -0.4602 13.8431
816 400  1.7301  2.5694 12.6556
848 400  0.5749 -0.1009 19.0953
880 400 -4.9521 -0.3068  9.4224
912 400  7.0182 -1.0906 11.1715
944 400 -1.2250 -1.3788 13.5433
976 400  0.2930 -0.6509 18.9898
 16 432  0.1334 -0.1387 28.0841
 48 432 -0.0125  0.0917 34.5357
 80 432 -0.0465 -0.0927 45.1188
112 432  0.0061 -0.0664 57.2010
144 432 -0.0049  0.0022 51.8069
176 432  0.0702 -0.0239 42.9813
208 432 -0.0269 -0.0836 39.4069
240 432 -0.0168 -0.0322 14.8868
272 432  0.1438  0.2443 24.6241
304 432 -0.0278  0.0788 34.0818
336 432  0.2296 -3.7535 45.7337
368 432  0.3780 -4.6481 69.3757
400 432  0.1571 -4.9068 67.0252
432 432  0.1720 -4.9628 90.4846
464 432  0.0058 -4.9624 76.8344
496 432  0.0063 -4.8940 77.2430
528 432 -0.0941 -5.0171 72.5359
560 432 -0.2898 -4.7524 63.5339
592 432 -0.2282 -3.2240 42.6548
624 432 -0.0854 -1.8604 17.9399
656 432 -0.1226 -0.1200 14.0118
688 432 -2.8243 -0.0840 13.8690
720 432 -1.4249  0.0000 16.0046
752 432 -0.8576 -2.0022 12.0065
784 432 -2.0554  0.2278 14.4578
816 432  1.0356 -0.9172 13.2261
848 432  0.3009  1.3550 11.3429
880 432  3.6782 -1.2401 11.1659
912 432 -19.8616 -1.2764  9.6132
944 432 -0.2233 -1.7856 13.7590
976 432 -0.0480 -0.0919 18.2461
 16 464 -0.0080  0.1338 55.1919
 48 464 -0.1241  0.0793 38.0250
 80 464  0.0934 -0.0315 41.9503
112 464 -0.0479 -0.0378 46.5003
144 464 -0.0018 -0.0831 41.3130
176 464 -0.1653  0.0383 40.5589
208 464 -0.2390  0.0032 39.0914
240 464 -0.0131 -0.0610 13.6499
272 464 -0.2371  0.1941 33.0566
304 464  0.0681  0.0578 24.4972
336 464  0.2286  0.0000 40.7384
368 464  0.3507 -4.9191 53.7537
400 464  0.3278 -4.8243 86.6092
432 464  0.0982 -5.0063 114.3572
464 464  0.0095 -4.8936 107.9397
496 464 -0.0697 -4.8048 79.0734
528 464 -0.2411 -4.8533 80.6577
560 464 -0.2658 -4.6310 62.1761
592 464 -0.0716 -3.0796 58.9871
624 464 -0.3974 -1.9024 70.1046
656 464  0.2259  0.8712 11.6451
688 464  0.0004  1.0217 11.3891
720 464  3.7737 -3.0736 11.5390
752 464  0.7068 -0.8547 14.0271
784 464 -0.4549  1.2724 12.6813
816 464  2.2047 -0.1494 12.6626
848 464 -1.2380  1.7043 12.2489
880 464  8.9259  0.0000 10.5641
912 464 21.6932 -5.4148  8.4959
944 464 -0.1994 -2.6278 13.0517
976 464 -1.0271 -1.4773 14.3039
 16 496  0.1074 -0.0848 42.1757
 48 496 -0.0886 -0.0380 48.8133
 80 496 -0.0676 -0.0373 42.1650
112 496 -0.0445 -0.1488 43.4784
144 496  0.2149 -0.0833 44.8193
176 496  0.0207 -0.1656 49.0096
208 496 -0.1696  0.0047 20.1948
240 496 -0.0707  0.0491 14.3141
272 496  0.0330 -0.0517 38.4700
304 496  0.1380 -0.8835 18.2274
336 496  0.1992 -3.7490 76.3665
368 496  0.3815 -4.3431 47.6954
400 496  0.2142 -4.8191 78.6178
432 496  0.0995 -4.7891 71.2093
464 496  0.0492 -4.7925 79.1617
496 496 -0.0133 -4.7387 75.7176
528 496 -0.1063 -4.8424 83.7936
560 496 -0.2125 -4.3802 83.4880
592 496 -0.1374 -3.9349 54.2510
624 496  0.0519 -0.2226 74.2513
656 496  0.0869  1.0133 10.9053
688 496  1.1811 -0.1974 13.3373
720 496  0.8609  0.1782 17.8310
752 496  3.1584 -1.0572 10.4777
784 496  0.6652 -1.0322 12.0563
816 496 -0.0071  1.2580 14.1517
848 496 -0.2330  4.9765 12.5275
880 496  1.8985 -1.9861 12.8853
912 496  3.9943  1.0695 11.6105
944 496 -0.2699  0.8829 12.3191
976 496  0.0219  0.9775 19.3306
 16 528  0.1278 -0.1102 45.0824
 48 528  0.0107 -0.0874 30.8714
 80 528 -0.0299 -0.0156 28.9839
112 528  0.1171  0.0555 32.0169
144 528 -0.0240  0.0023 43.8386
176 528  0.1440 -0.1274 47.5823
208 528  0.0970  0.1704 15.6118
240 528  0.0544  0.0298 17.8611
272 528  0.0846 -0.5230 19.9889
304 528  0.0664 -1.2886 24.9837
336 528  0.4026 -4.0161 85.4028
368 528  0.2937 -4.4270 82.6473
400 528  0.2024 -4.7550 56.7492
432 528  0.0677 -4.7913 77.3260
464 528  0.0016 -4.6562 81.5134
496 528 -0.1261 -4.7273 87.9498
528 528 -0.0859 -4.5152 57.7289
560 528 -0.1276 -4.5072 74.5632
592 528 -0.2313 -2.5247 50.4202
624 528 -0.0970 -0.7110 68.4995
656 528 -0.0832 -0.0386 12.1143
688 528  0.0394 -0.1039 17.4420
720 528 -0.0492 -0.0956 15.3776
752 528  0.0375 -0.1130 12.1084
784 528  1.8414  0.6859 13.3240
816 528 -0.2577  1.2590 11.6344
848 528  0.0060 -1.2853 12.3606
880 528 -1.9226  1.9564 15.5554
912 528  1.8255  0.2610 11.6897
944 528  3.0658  0.2612 14.6613
976 528  0.3719 -0.1326 14.6409
 16 560 -0.1078 -0.0730 46.1702
 48 560 -0.0495  0.1771 40.2423
 80 560 -0.0107  0.0856 32.5435
112 560  0.1005 -0.0982 36.1478
144 560 -0.0615  0.1230 38.9674
176 560 -0.0894  0.1018 34.8047
208 560  0.0009  0.1174 15.6886
240 560 -0.2732  0.2811 25.3616
272 560 -0.0164 -0.4998 24.0534
304 560  0.1943 -2.1632 57.2605
336 560  0.2811 -3.9258 96.0498
368 560  0.3259 -4.3182 92.7982
400 560  0.1885 -4.6340 80.0515
432 560  0.1455 -4.4633 68.7184
464 560 -0.0352 -4.3843 78.9628
496 560  0.0308 -4.5946 65.5006
528 560 -0.0649 -4.3858 73.3774
560 560 -0.2219 -4.3649 60.2145
592 560 -0.3250 -3.8113 73.9044
624 560 -0.1196 -0.8584 59.0329
656 560  0.0014 -0.0061 17.9005
688 560 -0.0914  0.0020 21.7244
720 560 -0.2378 -0.1159 31.9950
752 560 -0.0940 -0.0011 27.2234
784 560 -1.9491 -0.2877 14.2768
816 560 -0.0806 -1.6360 10.8703
848 560 -0.0547 -1.3974 13.4634
880 560 -2.5385 -0.9686 13.4852
912 560 -8.7079  1.9693 14.5103
944 560  0.1598  0.0618 18.9648
976 560  0.0588 -0.5593 12.0189
 16 592 -0.2630 -0.2199 32.7520
 48 592 -0.1426  0.1803 48.3234
 80 592  0.0852  0.0288 40.2017
112 592  0.0565  0.1672 38.7117
144 592  0.0644  0.0817 30.6865
176 592 -0.0303  0.0018 24.4453
208 592 -0.0112 -0.0488 15.9891
240 592  0.0792  0.4027 32.0042
272 592  0.0660  0.0970 21.4625
304 592  0.1312 -1.3558 46.8182
336 592  0.2071 -3.7359 66.0241
368 592  0.1962 -4.2600 69.2365
400 592  0.2413 -4.4361 75.7432
432 592  0.0529 -4.1566 70.6602
464 592  0.1887 -4.4239 80.7272
496 592  0.0668 -4.4914 67.1169
528 592 -0.0531 -4.4754 84.2533
560 592 -0.3186 -4.2273 50.7322
592 592 -0.2283 -3.6234 69.7774
624 592 -0.1232 -2.0554 77.6603
656 592 -0.1368 -1.8495 20.1682
688 592  0.0763  0.0435 15.6691
720 592 -0.1502  0.2835 56.8012
752 592 -0.0733 -0.2483 28.9323
784 592 -2.6333 -1.7584 13.6447
816 592 -0.1554  1.3379 13.4215
848 592  0.0505  1.2995 17.2600
880 592 -1.4829  0.1116 16.7691
912 592  1.2867 -1.2884 15.9542
944 592  0.0746 -0.7060 17.1842
976 592 -0.2611 -0.0746 15.2915
 16 624  0.0283  0.2286 34.3066
 48 624  0.1036 -0.0082 40.2398
 80 624  0.0488 -0.0467 50.5302
112 624  0.0612  0.0204 37.1991
144 624  0.0351  0.0530 31.2182
176 624 -0.0783  0.0097 17.1299
208 624  0.0431 -0.0384 23.2053
240 624 -0.0248  0.0243 36.8438
272 624 -0.0017 -0.0010 26.4331
304 624  0.2153 -1.7906 36.2386
336 624  0.1594 -3.8831 83.4304
368 624  0.3027 -4.1786 81.9632
400 624  0.1683 -4.2008 84.9091
432 624  0.1866 -4.0402 83.0433
464 624  0.0656 -4.2803 57.9487
496 624  0.1217 -4.2765 69.3420
528 624 -0.0511 -4.3085 69.7877
560 624 -0.2215 -4.2175 72.5023
592 624 -0.0285 -3.2708 71.8944
624 624 -0.1433 -1.0150 118.1115
656 624  0.0267 -0.0045 11.1147
688 624  0.0789 -0.0847 13.2913
720 624 -0.2494  0.0545 46.2156
752 624 -0.3904 -0.2250 16.6297
784 624 -8.2848 -0.8286 14.4364
816 624  0.4167 -1.4410 10.9148
848 624  0.0376 -1.2936 12.0829
880 624  0.1708  1.2170 18.1992
912 624  0.2340  0.6956 14.5437
944 624 -1.8844 -1.5677 20.1999
976 624  0.8393 -0.8334 19.8968
 16 656 -0.0987 -0.2296 37.4168
 48 656 -0.0596  0.0832 40.1573
 80 656 -0.0756  0.1874 38.4836
112 656 -0.0668  0.0968 53.4606
144 656  0.0630  0.0376 32.8885
176 656 -0.1103  0.0199 17.4655
208 656 -0.0335 -0.0012 50.2261
240 656  0.0507  0.0516 37.9925
272 656 -0.0481 -0.0821 36.0303
304 656  0.0143 -2.4878 48.2366
336 656  0.1749 -3.7541 76.8678
368 656  0.2599 -4.1058 88.5127
400 656  0.1503 -4.1553 98.6486
432 656  0.1586 -4.1736 87.2672
464 656  0.0950 -4.2066 68.3255
496 656 -0.0574 -4.2733 80.2696
528 656 -0.1083 -4.0285 74.5127
560 656 -0.1376 -4.1257 96.0182
592 656 -0.1820 -3.6267 89.1116
624 656  0.0526 -1.1022 61.7354
656 656 -0.0368 -1.9210 28.5986
688 656 -0.0212 -0.1469 12.8253
720 656  0.1756 -2.9993 22.4501
752 656 -0.0154 -8.7988 13.8052
784 656  4.7640 -15.0961 11.0807
816 656  5.8194  4.0964 17.2748
848 656  0.0520 -1.2182 13.8291
880 656 -0.9160  0.0042 11.9056
912 656 -0.0813 -0.2466 13.1568
944 656  0.0277 -0.0438 14.0342
976 656  2.0076 -0.0857 19.8734
 16 688  0.0160 -0.1632 37.1721
 48 688  0.1095 -0.0697 43.8925
 80 688 -0.0345  0.0629 41.4362
112 688 -0.0225  0.1383 43.1704
144 688 -0.0327  0.0343 16.2519
176 688  0.1544  0.1650 21.0451
208 688 -0.0239  0.0076 29.1933
240 688 -0.0098  0.0807 44.7461
272 688 -0.0342 -0.0310 52.2763
304 688  0.2454 -2.6512 43.5792
336 688  0.2579 -3.9245 81.6902
368 688  0.3702 -4.0017 73.4400
400 688  0.1081 -4.2201 74.2369
432 688  0.0791 -4.0443 79.5762
464 688 -0.0088 -4.0219 74.4768
496 688 -0.0967 -4.0723 99.9632
528 688  0.0026 -4.0877 75.0042
560 688 -0.1940 -4.0525 92.0583
592 688 -0.2003 -3.6825 67.4631
624 688 -0.0994 -1.7400 57.2056
656 688 -0.1119 -0.2043 32.2039
688 688  0.0882 -0.5384 11.6002
720 688  4.2379 -1.8810 17.0380
752 688  1.0216 -2.4526 12.1868
784 688 -3.8157 -6.0328 11.1732
816 688  2.0541 -7.6403 13.0499
848 688 -5.4959  1.7813 11.8771
880 688  0.1905 -1.1570 13.3214
912 688  0.0251 -0.0782 28.0837
944 688  0.1232  0.0298 17.6439
976 688  0.0076  0.2576 19.5085
 16 720 -0.0270 -0.0063 38.9892
 48 720  0.1873  0.0199 48.5596
 80 720  0.1055 -0.0897 40.7291
112 720  0.0619 -0.0201 16.7615
144 720 -0.0476 -0.0194 14.8721
176 720  0.0585  0.1358 32.1555
208 720  0.0257 -0.0075 30.4370
240 720  0.0187  0.0316 32.8840
272 720 -0.1679 -0.2889 43.5978
304 720  0.2036 -2.5209 59.4490
336 720  0.0900 -3.7070 83.8587
368 720  0.1877 -3.8662 64.5635
400 720  0.1503 -4.0676 59.3368
432 720  0.0336 -4.0875 80.7367
464 720  0.0411 -4.0800 99.1378
496 720 -0.0081 -4.0090 101.7875
528 720 -0.0238 -3.9216 90.5883
560 720 -0.0923 -3.9656 64.3571
592 720 -0.2532 -3.5015 55.5581
624 720 -0.0839 -2.4654 50.4668
656 720 -0.0930  0.0003 19.9545
688 720  0.0648  0.6829 11.2726
720 720  0.0734 -9.2478 13.9060
752 720  7.7968  1.2152 11.2630
784 720  7.8173  2.7169 13.6607
816 720 -4.0992  0.1993 12.8898
848 720  0.0760 -0.7686 12.4665
880 720 -0.0715  1.2228 14.1803
912 720 -0.0367 -0.1364 14.6510
944 720 -0.2116  0.1223 12.6656
976 720 -0.1539 -0.0221 11.6319
 16 752 -0.0434 -0.1336 33.0253
 48 752  0.0472  0.0926 16.0223
 80 752  0.0093 -0.0128 14.9440
112 752  0.0813  0.0678 14.2809
144 752 -0.0102 -0.0018 25.4728
176 752  0.0408 -0.1098 24.1104
208 752  0.0217  0.0854 27.1883
240 752 -0.1169  0.0396 48.0834
272 752  0.0240 -0.2814 19.1857
304 752  0.1432 -2.6730 53.6044
336 752  0.1485 -3.8328 58.2110
368 752  0.1260 -3.8487 82.8453
400 752  0.0575 -3.9814 92.1442
432 752 -0.0704 -3.6956 65.5267
464 752  0.0347 -4.0706 80.8797
496 752  0.0014 -3.9221 45.8509
528 752 -0.1703 -3.6993 59.5491
560 752 -0.3687 -4.0254 72.0039
592 752 -0.2304 -3.7989 65.4475
624 752 -0.0421 -2.0921 55.6263
656 752 -0.0290 -0.3439 36.4357
688 752 -0.0191  0.5006 11.0488
720 752  0.0447 -1.8134 12.6159
752 752 -0.4681  2.1555 22.7037
784 752  6.6639  8.9702 13.5244
816 752  3.6018  6.8080 11.1641
848 752 -8.8366  3.4559 12.5908
880 752 -0.4439  2.2728 14.7490
912 752  1.0282 -2.0357 18.6300
944 752  0.4751  0.0000 16.4122
976 752  0.1840 -0.0048 14.4352
 16 784  0.1128 -0.1164 12.9865
 48 784  0.0676 -0.0101 13.9901
 80 784 -0.0621 -0.0298 17.3117
112 784 -0.0025 -0.0327 33.5417
144 784 -0.0779  0.0415 20.6530
176 784  0.0091  0.0156 27.6105
208 784 -0.0192 -0.0314 33.1651
240 784  0.1641 -0.0721 54.4724
272 784  0.1592 -0.2818 20.8909
304 784  0.2901 -2.9188 58.0241
336 784  0.1799 -3.7406 70.1713
368 784  0.1483 -3.7746 80.3253
400 784 -0.0649 -3.8762 89.2623
432 784  0.1588 -3.9257 50.9537
464 784  0.0429 -3.8871 38.0222
496 784 -0.1181 -3.9733 81.0958
528 784 -0.0104 -3.8558 69.9487
560 784 -0.1725 -3.7603 65.7617
592 784 -0.2131 -3.6426 54.4735
624 784 -0.1324 -2.2871 48.2953
656 784 -0.0368 -0.6462 35.0987
688 784  0.0082  0.0919 11.1354
720 784  0.1684 -1.7123 12.3447
752 784 -2.0978 -0.1912 17.8024
784 784 -2.6773  9.2270 13.0519
816 784 -2.8387  7.9886 12.2895
848 784  0.1572 -4.1882 13.2744
880 784 -12.8323 -0.6305 14.8031
912 784 -0.3095  1.9874 16.2028
944 784  0.0506  2.0706 22.7281
976 784 -0.0670 -0.0780 15.1160
 16 816  0.0299 -0.1380 22.8886
 48 816 -0.2911  0.2196 20.4392
 80 816 -0.1953  0.0904 30.6814
112 816 -0.1010 -0.0980 25.2695
144 816 -0.0799 -0.0224 33.1724
176 816  0.1372  0.0592 38.9425
208 816  0.0391  0.0040 40.2051
240 816  0.0202  0.0045 45.3094
272 816  0.2430  0.0000 34.9724
304 816  0.4815 -2.3240 69.4678
336 816  0.0095 -3.7036 68.5106
368 816  0.1003 -3.7684 70.2780
400 816 -0.0615 -3.9763 63.7251
432 816  0.0351 -3.7262 52.9523
464 816  0.0463 -3.8444 86.3985
496 816 -0.0295 -3.7935 79.2559
528 816 -0.1289 -3.7553 64.7769
560 816 -0.2546 -3.5891 57.8803
592 816 -0.2725 -3.1796 61.9205
624 816 -0.1369 -2.3082 80.8159
656 816  0.0377 -0.7463 61.7608
688 816  0.0159 -0.8139 11.3108
720 816  1.3658  0.1585 11.5771
752 816 -12.9918 -5.8665 12.2583
784 816 -7.9598 -6.7525 12.1460
816 816 -0.1965  5.2356 17.7576
848 816 -0.3404  2.2933 15.6594
880 816 -1.7854 -4.1630 12.9842
912 816 -3.8450 -0.3175 17.2141
944 816  1.9723  0.1598 16.8136
976 816 -0.0714 -0.0435 17.3461
 16 848 -0.0879 -0.2731 23.5137
 48 848  0.1593  0.0489 30.8878
 80 848 -0.0351  0.0559 20.5104
112 848  0.2465  0.2225 33.4170
144 848  0.1390 -0.2157 49.2804
176 848 -0.0115 -0.0402 48.7761
208 848  0.0705 -0.0609 36.4247
240 848 -0.1031 -0.0278 21.9783
272 848 -0.1411 -0.6928 55.6043
304 848  0.0268 -3.0120 44.3274
336 848  0.2040 -3.5676 56.0086
368 848  0.3194 -3.7013 46.4689
400 848  0.1827 -3.7809 70.4299
432 848  0.1543 -3.8480 64.3178
464 848  0.0705 -3.6837 69.1591
496 848 -0.0688 -3.7835 81.8613
528 848 -0.0377 -3.7210 53.6194
560 848 -0.1409 -3.6837 63.4082
592 848 -0.1278 -3.3697 56.7167
624 848 -0.1701 -2.3651 41.6791
656 848 -0.1765 -0.4378 51.1197
688 848 -0.2057 -0.8364 11.8806
720 848  0.0234 -2.5715 10.8079
752 848  1.7842  0.0000 10.3306
784 848 -1.1118 -7.6445 14.4039
816 848 -3.3644 -2.0148 16.6066
848 848 -1.8259 -0.8976 22.9406
880 848  3.6711  0.0000 13.1322
912 848  7.2774 -0.0273 15.3468
944 848  1.5697 -0.3016 17.3237
976 848  0.8254 -5.8512 18.0238
 16 880  0.0277  0.0878 29.5435
 48 880 -0.1174 -0.0662 24.7870
 80 880 -0.0285  0.0661 33.9895
112 880 -0.1614  0.0591 44.0956
144 880 -0.1757  0.0421 52.2989
176 880  0.0055 -0.1142 61.2733
208 880  0.0459  0.0124 36.4950
240 880 -0.0542 -0.0090 24.5972
272 880  0.1318 -0.2567 42.8943
304 880  0.2136 -2.8241 54.8458
336 880  0.2048 -3.3277 61.7013
368 880  0.0339 -3.5021 45.4848
400 880  0.2790 -3.4346 55.6057
432 880  0.0148 -3.6514 72.2093
464 880  0.0420 -3.7317 54.6904
496 880 -0.0652 -3.6015 56.9963
528 880 -0.0371 -3.5113 46.0738
560 880 -0.0395 -3.4824 54.2475
592 880 -0.2750 -3.3420 43.0642
624 880 -0.2609 -2.6531 54.8504
656 880  0.0418 -0.4992 46.6861
688 880 -0.0891 -0.2258 12.1175
720 880 -0.0147 -0.2985 12.2852
752 880  2.3126  8.2321 12.1325
784 880  0.5542  0.2918 14.9610
816 880 -2.1946  4.1461 14.1181
848 880  0.3832  0.7105 14.4970
880 880  2.8641 -0.1394 21.0012
912 880  3.9747  0.0000 14.6180
944 880  6.1009 -4.1477 12.3671
976 880  0.0732  0.1845 25.7669
 16 912 -0.1267 -0.1575 18.2029
 48 912 -0.1008 -0.0302 16.0785
 80 912  0.2554 -0.0363 25.9936
112 912  0.0706  0.1546 49.5910
144 912  0.0706  0.1166 66.0941
176 912  0.1167  0.0789 63.7238
208 912 -0.0202  0.0060 34.4456
240 912  0.0253 -0.0017 22.8710
272 912  0.0354 -1.5626 46.9656
304 912  0.4448 -3.0932 50.1705
336 912  0.3042 -3.4382 56.1992
368 912  0.2134 -3.0255 47.3191
400 912 -0.0264  0.0000 39.1753
432 912  0.0424 -3.6901 73.5307
464 912  0.0598 -3.7091 60.2406
496 912 -0.1132 -3.5837 49.2977
528 912 -0.0857 -3.8389 60.7474
560 912 -0.2179 -3.6850 40.6852
592 912 -0.2236 -3.4449 48.2345
624 912 -0.2837 -2.9728 51.8531
656 912 -0.2419 -0.8574 62.0123
688 912  0.1554 -0.8186 57.4132
720 912  0.0782 -0.0378 13.6337
752 912  0.1989  0.0802 16.3399
784 912  0.1919 -0.0159 24.8915
816 912  0.2466 -0.9339 16.9066
848 912  0.8558  1.7374 12.3621
880 912  4.2973  1.4420 13.7046
912 912 -0.6697  1.4806 13.3329
944 912  0.2088  0.1704 14.1548
976 912  0.9963 -1.7679 19.8521
 16 944  0.0651 -0.0128 18.2460
 48 944 -0.0489 -0.0731 17.8077
 80 944  0.0458  0.0179 26.7544
112 944  0.0279 -0.0576 41.4271
144 944 -0.0153 -0.0309 55.7638
176 944 -0.0079  0.0156 64.1448
208 944  0.0186 -0.0111 38.7612
240 944 -0.0157  0.0275 29.9700
272 944  0.0774 -0.6551 57.7410
304 944  0.1347 -2.7777 48.1484
336 944  0.1581 -3.3247 49.5156
368 944  0.2114 -3.1808 35.3451
400 944  0.1801 -3.4060 49.2543
432 944 -0.1162 -3.6030 71.1479
464 944 -0.0295 -3.5341 60.6369
496 944 -0.0060 -3.1026 56.7032
528 944 -0.1204 -3.5326 63.1864
560 944 -0.0717 -3.2000 47.0487
592 944 -0.1163 -3.2644 50.7154
624 944 -0.1509 -2.7379 37.1772
656 944 -0.0924 -1.0475 70.7388
688 944 -0.3182 -1.4945 17.9689
720 944  0.0496  0.0212 13.0882
752 944 -0.0983  0.1390 19.1320
784 944 -3.1438  0.0945 15.2234
816 944 -0.2516  0.0548 18.0670
848 944 -0.0263 -0.0345 80.9385
880 944 -0.0003 -0.0470 40.7416
912 944 -0.0677  0.7143 21.5304
944 944 -0.1677  2.0496 17.1849
976 944  1.9997  0.6247 18.6406
 16 976  0.0108 -0.0240 16.6790
 48 976  0.0121  0.1314 23.9841
 80 976 -0.0786 -0.0278 19.7337
112 976  0.0348 -0.0500 20.0780
144 976  0.0743  0.0734 30.0879
176 976 -0.0094 -0.0871 52.3098
208 976  0.0129 -0.0258 51.0063
240 976  0.0333 -0.0444 22.3306
272 976  0.3501 -1.4601 41.8989
304 976  0.2056 -2.9114 70.3286
336 976  0.3935 -3.5206 53.3386
368 976  0.1418 -3.7249 64.5611
400 976  0.0862 -3.3089 49.2018
432 976 -0.0268 -3.2196 41.4880
464 976  0.0808 -3.6039 58.2919
496 976  0.0028 -3.3176 58.2490
528 976 -0.0582 -3.4418 45.6763
560 976 -0.1477 -3.3991 51.5874
592 976 -0.1781 -3.2228 56.0683
624 976 -0.2594 -2.8875 42.0425
656 976 -0.2154 -1.7896 62.5904
688 976  0.0329 -1.1542 30.1843
720 976  0.0090 -0.0258 12.3375
752 976  0.1685  0.0000 18.6155
784 976  0.3028 -0.0425 22.6496
816 976  0.3168  0.0000 15.7718
848 976  3.7600  0.1156 19.3170
880 976  1.6608  8.2144 16.4962
912 976 -0.0173  3.8000 23.0800
944 976 -1.9395  1.4047 14.9438
976 976  2.3369 -0.0008 17.6875
 16 1008 -0.0050 -0.0159 14.8952
 48 1008 -0.0037 -0.0147 14.7322
 80 1008  0.0022 -0.0119 14.4712
112 1008 -0.0072  0.0009 14.4923
144 1008  0.0081  0.0057 14.2398
176 1008 -0.0008  0.0009 14.6169
208 1008 -0.0177 -0.0030 14.9955
240 1008 -0.0209  0.0337 17.7153
272 1008  0.2530 -2.0615 25.1026
304 1008  0.4819 -0.1613 14.6086
336 1008  0.1869 -0.3321 13.8933
368 1008  0.3560 -0.3121 17.1044
400 1008 -0.0756  0.1775 15.4800
432 1008  0.2126 -0.1724 14.0251
464 1008  0.0578 -2.8483 15.6529
496 1008  0.0531 -0.0361 14.4038
528 1008 -0.0824 -2.7845 21.8097
560 1008 -1.9475  0.1814 14.8546
592 1008 -0.2047 -0.0356 14.3951
624 1008 -0.0434 -0.2197 15.9532
656 1008 -0.0061 -0.6394 17.3463
688 1008  0.0127 -0.0071 19.7990
720 1008 -0.0153 -0.0210 18.6365
752 1008  0.0029 -0.0140 14.7630
784 1008 -0.0019  0.0149 14.5635
816 1008  0.0068 -0.0201 14.7537
848 1008 -0.0017 -0.0117 14.6103
880 1008 -0.0099 -0.0213 14.7616
912 1008 -0.0225  0.0195 16.6606
944 1008 -0.0241 -0.0102 21.0261
976 1008 -0.0076 -0.0148 19.4512
