 16  16 -0.3463 -0.4898 56.0633
 48  16 -0.2365 -0.4902 59.7956
 80  16 -0.0655 -0.5011 59.3113
112  16 -0.2904 -0.4347 55.5991
144  16 -0.1671 -0.3982 71.7266
176  16 -0.0946 -0.3315 56.1273
208  16 -0.0663 -0.4833 53.5269
240  16  0.0234 -0.4934 56.1719
272  16 -0.0092 -0.5546 58.9394
304  16 -0.0391 -0.4889 54.4863
336  16  0.0147 -0.5365 64.7354
368  16  0.0796 -3.4391 56.8922
400  16 -0.0401 -3.5919 54.2220
432  16  0.6105 -1.7417 42.1369
464  16  0.2688 -0.5570 35.1976
496  16  0.2639 -6.8473 30.0050
528  16 -0.2304 -0.5364 33.6152
560  16 -0.2615  0.0000 54.0485
592  16 -0.1127 -0.6313 67.8149
624  16 -0.1483 -0.2515 66.3642
656  16 -0.1964 -0.0905 86.2436
688  16 -0.1522 -0.1136 82.8719
720  16 -0.1472 -0.1598 72.2136
752  16 -0.1193 -0.0745 79.0681
784  16 -0.0838 -0.2325 71.1905
816  16 -0.0836 -0.2413 84.7215
848  16 -0.0876 -0.1406 71.6673
880  16 -0.0458 -0.1244 71.6848
912  16 -0.0161 -0.0074 76.8838
944  16 -0.0165 -0.0231 78.6176
976  16  0.0662 -0.0258 75.3963
 16  48 -0.4045  0.1325 16.1371
 48  48 -0.3723  0.0754 18.1301
 80  48 -0.2083  0.1997 16.3671
112  48 -0.2028  0.1567 26.8483
144  48 -0.1186  0.0323 16.7184
176  48 -0.1043  0.2225 39.2990
208  48  0.0119  0.1744 39.9314
240  48 -0.0607  0.2652 16.2403
272  48  0.1384  0.2062 23.0119
304  48  0.2492 -0.2483 27.6932
336  48  0.6741 -0.0714 13.5343
368  48  0.1910 -1.0171 34.0765
400  48  0.5977 -5.7646 42.8275
432  48  0.5011 -6.1887 38.8340
464  48  0.0178 -6.3510 36.6930
496  48  0.5217 -6.7554 38.7068
528  48  0.1197 -6.6374 26.9111
560  48  0.6614 -5.2048 17.0228
592  48 -0.1613 -0.2782 84.9792
624  48 -0.2043  0.0870 43.3313
656  48 -0.1772 -0.0351 144.9994
688  48 -0.1524  0.0829 128.5628
720  48 -0.1677  0.0913 66.9966
752  48 -0.1871  0.0567 84.8146
784  48 -0.0764 -0.1151 104.7178
816  48 -0.0388  0.0648 121.5331
848  48 -0.0194 -0.0459 95.5646
880  48 -0.0282 -0.0266 103.8184
912  48 -0.0674 -0.0019 98.6295
944  48 -0.0334  0.0088 79.3487
976  48  0.0330 -0.0432 100.4588
 16  80 -0.3392  0.0751 28.4831
 48  80 -0.6426 -0.0457 60.1335
 80  80 -0.5613 -0.0265 71.6507
112  80 -0.4300  0.1471 48.6994
144  80 -0.2056  0.2528 34.3465
176  80 -0.2349  0.1216 48.1050
208  80  0.0688  0.0830 20.9800
240  80  0.0892 -0.0680 34.3612
272  80  0.2886  0.0004 43.5156
304  80  0.1878  0.0443 20.6470
336  80 -0.1320 -0.1552 15.4198
368  80  0.1502 -1.9631 13.0671
400  80  0.8097 -6.0426 57.4050
432  80  0.5922 -6.0618 56.0285
464  80 -0.0743 -7.1256 20.0873
496  80  0.3219 -6.5773 23.3114
528  80  0.3605 -6.0964 21.2497
560  80  0.1982  1.1404 13.8525
592  80 -0.3369 -0.1767 19.7491
624  80 -0.7601 -0.0802 24.0270
656  80 -0.6714 -0.1870 13.8851
688  80  0.1352 -0.6581 13.2706
720  80 -0.2235  0.0278 12.5426
752  80  1.1876  0.0756 11.4601
784  80  0.1681  0.1805 12.6231
816  80 -0.2027  0.0125 12.6702
848  80 -0.0276 -0.1823 12.8546
880  80 -0.0555 -0.2337 13.0762
912  80 -0.0500  0.0294 13.9974
944  80  0.0462 -0.0492 61.7397
976  80  0.0018 -0.0302 89.8702
 16 112 -0.0736 -0.1204 35.5299
 48 112  0.0129 -0.0258 33.5937
 80 112 -0.0115 -0.0145 23.9238
112 112 -0.0261 -0.0852 21.3697
144 112 -0.0679  0.0082 23.7792
176 112 -0.0848  0.0310 19.1426
208 112  0.0302  0.0504 21.2265
240 112 -0.0329 -0.0386 24.6411
272 112  0.0817  0.0348 23.1486
304 112  0.1504  0.0110 24.8310
336 112  0.0587 -0.0848 21.2687
368 112  0.1480 -1.6023 28.8043
400 112  3.6882 -2.9384 26.2397
432 112 -0.3977  0.0000 34.3882
464 112 -5.9073 -2.2576 32.6729
496 112 -3.2544  0.0000 51.5209
528 112 -2.0700 -3.9552 73.3224
560 112 -0.6457  0.0000 44.5010
592 112 -0.0457  0.0484 20.7972
624 112  0.0677 -0.0210 15.8182
656 112 -0.0072 -0.1039 15.6215
688 112  0.0174  0.0883 17.0087
720 112 -0.0560 -0.0236 17.4086
752 112 -0.0154 -0.0532 20.8081
784 112  0.0241  0.0790 16.8339
816 112 -0.0029 -0.0158 16.5167
848 112  0.0379  0.0103 27.4944
880 112 -0.0182  0.0076 18.6215
912 112 -0.0049 -0.0657 15.1923
944 112  0.0101 -0.0021 16.2539
976 112 -0.0254  0.1137 22.0294
 16 144  0.1786 -0.0273 13.1408
 48 144 -0.0637 -0.0329 15.4173
 80 144  0.1176  0.0112 14.5649
112 144 -0.0825  0.0427 13.1375
144 144 -0.2631  0.0733 13.3818
176 144 -0.1368  0.0183 13.6884
208 144  0.0898  0.0482 13.4353
240 144 -0.6742  0.0246 12.2351
272 144 -0.4907  0.0296 13.0556
304 144 -0.5810 -0.0169 11.9878
336 144 -0.0370 -0.1126 61.4434
368 144  0.4969 -4.7830 43.0449
400 144  0.4447 -5.8431 62.1929
432 144  0.3347 -6.1065 66.1815
464 144  0.3781 -6.2522 59.1916
496 144  0.1723 -6.1950 44.2117
528 144  0.1062 -6.1879 60.5668
560 144  0.0103 -4.5393 37.3078
592 144 -0.0568 -0.2400 49.7131
624 144 -0.0216 -0.0443 12.8011
656 144 -0.5029  0.1099 12.2651
688 144  0.5149  0.0073 12.0544
720 144 -0.0879  0.1422 12.2463
752 144 -0.3673  0.0177 11.6746
784 144  0.0489  0.0279 12.8222
816 144 -0.1365  0.0582 11.4993
848 144  0.0353  0.0901 12.1658
880 144 -0.1811  0.0085 11.9768
912 144  0.0960  0.0274 11.9016
944 144  0.1255  0.0181 12.4553
976 144 -0.0037  0.0078 12.3917
 16 176  0.1405  0.0485 12.1080
 48 176  0.0245 -0.0252 12.3620
 80 176 -0.1296 -0.0183 12.2359
112 176  0.0245  0.0348 11.9157
144 176 -0.0243 -0.0383 12.0358
176 176  0.7715 -0.0478 11.0150
208 176  0.1090 -0.2337 11.0834
240 176 -0.6228  0.1371 11.0726
272 176 -0.3767  0.1373 11.4497
304 176  0.7057 -0.0122 12.0601
336 176 -0.0580 -0.0284 28.2940
368 176  0.4621 -4.8429 26.0189
400 176  0.4553 -5.8590 64.5726
432 176  0.3137 -6.1013 63.8782
464 176  0.2694 -6.0838 56.7467
496 176  0.1206 -6.1102 71.6553
528 176 -0.0376 -5.9262 65.4332
560 176 -0.1259 -4.5146 48.4774
592 176  0.0199 -0.0602 57.2613
624 176  0.0653 -0.0598 11.8240
656 176 -0.0313  0.0155 11.4811
688 176 -0.0912 -0.0075 11.2675
720 176 -0.2373  0.0182 11.0938
752 176 -0.1485  0.0379 11.0978
784 176 -0.2039  0.0926 11.1616
816 176 -0.0584  0.0646 11.1890
848 176  0.0744  0.0081 11.1328
880 176 -0.0895  0.0313 11.1539
912 176 -0.0275 -0.0008 11.4745
944 176 -0.0641 -0.0055 11.5059
976 176  0.0042  0.0171 11.5567
 16 208  0.0730  0.0237 14.2419
 48 208 -0.0535  0.0255 12.9528
 80 208 -0.0446 -0.0007 14.9160
112 208 -0.0734  0.1568 13.5180
144 208  1.3361  0.2193 14.3824
176 208 -0.6341  0.0666 15.3150
208 208 -0.2881 -0.0385 16.0648
240 208  0.1349  0.3107 13.9980
272 208  0.0282 -0.0124 12.9697
304 208 -0.0621 -0.1088 15.9835
336 208  0.3925 -0.0621 35.3954
368 208  0.3468 -4.7986 65.7951
400 208  0.5731 -5.6241 62.6088
432 208  0.2186 -5.8723 74.9027
464 208  0.0202 -5.9600 83.8924
496 208  0.0048 -5.9474 80.6230
528 208 -0.0458 -5.9363 85.3448
560 208 -0.3915 -4.5191 25.2332
592 208 -0.0900 -0.4041 36.2246
624 208 -0.0384  0.0215 13.5613
656 208 -0.0689 -0.0218 16.7307
688 208 -0.1224  0.0541 16.0363
720 208 -0.0609  0.0307 16.4337
752 208 -0.1304  0.0526 15.6071
784 208  0.0210  0.1318 13.7430
816 208 -0.2789  0.1226 12.6265
848 208  0.8727  0.0385 13.0016
880 208 -0.8149  0.0398 12.4370
912 208  0.2961  0.0258 12.2234
944 208  0.0493 -0.0466 13.9812
976 208  0.0909 -0.0081 13.2718
 16 240 -0.0537  0.0149 14.5259
 48 240  0.2092  0.1137 13.6318
 80 240 -0.1421  0.1172 14.7251
112 240  0.1561  0.1213 13.3637
144 240  0.1641 -0.0103 12.9846
176 240  0.2564 -0.0276 11.7068
208 240  0.0510 -0.0842 14.8043
240 240 -0.2113 -0.0753 14.4897
272 240 -0.3137  0.3579 16.8558
304 240 -0.0846 -0.1493 17.7762
336 240 -0.0429  0.0110 27.2113
368 240  0.3723 -4.6152 50.1328
400 240  0.2929 -5.5926 64.8814
432 240  0.1596 -5.8402 61.5561
464 240  0.1158 -5.7553 67.1631
496 240  0.0066 -5.8178 74.8333
528 240 -0.1504 -5.7577 84.8975
560 240 -0.3160 -4.6584 59.5126
592 240 -0.0775 -0.2601 42.2887
624 240 -0.0392 -0.0102 12.5205
656 240 -0.1444 -0.0080 31.4048
688 240 -0.2736  0.0545 70.9407
720 240 -0.1739 -0.0767 73.9815
752 240 -0.1666  0.0867 79.8198
784 240 -0.1297  0.0280 53.1898
816 240 -3.5201  2.1067 19.4097
848 240 -1.6242  1.2039 12.9173
880 240  0.5919  0.0000 11.5969
912 240 -1.3357  0.0000  9.6406
944 240 -0.9635  1.8599 14.4434
976 240 -0.0781  0.0535 14.5720
 16 272  0.0457  0.0654 25.9212
 48 272  0.1470  0.0670 31.8469
 80 272 -0.1801 -0.0077 35.0727
112 272 -0.1895  0.0169 21.9664
144 272  0.1002 -0.0642 34.4856
176 272  0.1315 -0.2895 28.1005
208 272  0.1978 -0.2195 18.3852
240 272 -0.1383  0.1004 12.9368
272 272 -0.0924  0.1133 20.6660
304 272 -0.1573 -0.1841 18.2249
336 272  0.1474 -2.7922 23.1295
368 272  0.4592 -4.7804 58.8133
400 272  0.2574 -5.2281 76.4981
432 272  0.2941 -5.5205 76.9177
464 272  0.1438 -5.5182 49.4532
496 272  0.0125 -5.5964 72.0385
528 272 -0.1459 -5.7049 93.7643
560 272 -0.4509 -4.8174 59.8037
592 272 -0.0468 -0.1382 35.8448
624 272 -0.0907  0.1204 12.5398
656 272 -0.1748  0.0326 36.0843
688 272 -0.0911  0.0205 41.7656
720 272 -0.1460 -0.0424 80.1406
752 272 -0.2306  0.0015 73.6102
784 272 -0.1766 -0.0498 52.7100
816 272 -0.6624  1.8763 14.8922
848 272 -3.6641  5.1677 11.7139
880 272 14.1763  1.3430 11.3197
912 272  6.1489  0.0000  9.3816
944 272 -0.5458  0.0289 12.7307
976 272 -0.0820  0.1938 14.4811
 16 304  0.1384 -0.0503 25.0018
 48 304 -0.1221 -0.1023 39.3192
 80 304 -0.0081  0.2383 32.2234
112 304  0.0004 -0.1132 40.2618
144 304 -0.1337  0.0169 37.4769
176 304  0.0266 -0.0173 27.4499
208 304  0.7421 -0.0214 21.6672
240 304 -0.0864 -0.0436 13.8305
272 304 -0.0703 -0.8783 14.6280
304 304 -0.2450 -0.0680 13.9707
336 304  0.2665 -2.8351 39.4404
368 304  0.5835 -4.8727 70.5672
400 304  0.3505 -5.3995 65.0548
432 304  0.1483 -5.3178 73.4348
464 304  0.0629 -5.4530 66.7499
496 304 -0.0353 -5.5110 78.0770
528 304 -0.1452 -5.3329 69.1041
560 304 -0.3798 -4.5372 64.6257
592 304 -0.0215 -0.2789 46.0658
624 304  0.0233  0.0280 11.1949
656 304 -0.0879 -0.0284 28.5550
688 304 -0.1520 -0.0958 67.4045
720 304 -0.1009 -0.0008 51.5597
752 304 -0.2302 -0.2114 77.9290
784 304 -0.1333  0.0170 30.2084
816 304  0.9246  2.6094 16.7439
848 304  1.2445  0.0000  9.2163
880 304  0.7387  3.2031 15.4401
912 304 -0.0309 -1.1964 13.2826
944 304  0.1236  0.5245 11.7824
976 304  0.0124  0.0619 13.6699
 16 336  0.0264 -0.0905 40.7809
 48 336  0.1164  0.2159 34.2318
 80 336  0.0701 -0.0481 55.0499
112 336  0.0027 -0.0153 36.8351
144 336 -0.1026  0.0285 38.1964
176 336 -0.0645  0.1475 33.0384
208 336  0.0173 -0.0424 23.6049
240 336  0.0603 -0.1518 12.5505
272 336 -7.2030  0.2679 18.8719
304 336  0.1393 -0.4026 14.4892
336 336  0.1670 -1.7892 38.2386
368 336  0.3884 -4.7021 55.1237
400 336  0.3181 -5.0955 74.6466
432 336  0.1462 -5.2854 58.7779
464 336 -0.1012 -5.1510 66.8340
496 336 -0.1621 -5.2815 70.0104
528 336 -0.2638 -5.2640 85.7619
560 336 -0.3348 -4.6916 71.3920
592 336 -0.0641 -0.0383 73.8072
624 336  0.0279 -0.2685 11.5327
656 336 -0.1781  0.0096 57.3073
688 336 -0.1594 -0.0708 61.7380
720 336 -0.0936 -0.0834 38.6005
752 336 -0.0538 -0.0872 38.7137
784 336  0.0313 -0.0554 28.4314
816 336  0.4172  1.0418 14.8839
848 336  0.0677 -1.2551 13.1862
880 336  1.2634 -0.0428 12.9481
912 336 -0.0787  1.2061 13.4394
944 336 -3.8557  0.8444 16.9841
976 336  0.6213 -0.4597 15.9500
 16 368  0.4127  0.0073 40.5024
 48 368 -0.0833  0.0867 51.1672
 80 368 -0.0269  0.0980 42.0757
112 368 -0.0563 -0.1191 27.2892
144 368  0.0287 -0.1666 37.5096
176 368 -0.0199 -0.0980 26.7947
208 368  0.0201  0.2939 34.1380
240 368 -0.0049  0.0462 14.0837
272 368  0.0300 -0.1341 24.0395
304 368  0.0387  0.0318 13.3874
336 368  0.3386 -2.9990 46.2673
368 368  0.3662 -4.7061 69.7303
400 368  0.2885 -4.9813 92.5572
432 368  0.0304 -5.0893 88.9310
464 368  0.0014 -5.1060 70.0526
496 368 -0.1063 -5.1606 102.0918
528 368 -0.1384 -5.1375 103.4284
560 368 -0.3215 -4.8731 75.3025
592 368 -0.2203 -3.0270 43.5156
624 368 -0.0546 -2.1259 11.9949
656 368 -0.0718 -0.0496 25.1365
688 368 -0.1567  0.4283 55.1575
720 368  0.7412  0.4678 34.8462
752 368  0.0128  0.0768 18.4810
784 368 -0.2357 -0.0180 11.2119
816 368  0.2033 -0.9457 13.2150
848 368 -0.0171 -1.1450 11.2586
880 368 -4.1097  1.7904  9.7009
912 368  1.2208  3.9722 12.5728
944 368 -0.3231  5.0845 15.0286
976 368 -3.2292  8.2384 15.5694
 16 400 -0.0143 -0.0897 27.2234
 48 400 -0.0433  0.0418 27.1067
 80 400 -0.0070 -0.0172 51.6638
112 400  0.0864 -0.0601 32.8396
144 400 -0.1910 -0.1876 31.5232
176 400  0.0486 -0.0986 31.0875
208 400 -0.0553 -0.4308 23.9692
240 400 -0.1791 -0.0608 12.5686
272 400 -2.0591 -5.2019 18.7393
304 400 -0.0202  0.0054 18.0076
336 400  0.3526 -3.5587 75.3417
368 400  0.3168 -4.6511 54.1615
400 400  0.2739 -4.9122 106.3313
432 400  0.0852 -4.9653 92.0664
464 400  0.0465 -5.0470 94.5807
496 400 -0.0665 -4.9652 94.8714
528 400 -0.1186 -4.9864 104.0675
560 400 -0.2565 -4.6044 61.9437
592 400 -0.2500 -2.8012 72.0610
624 400 -0.1266 -2.6538 16.9272
656 400 -0.0485  0.0393 15.5112
688 400 -0.1865 -0.0678 37.4825
720 400 -0.0139  0.0074 32.2372
752 400  0.9627  0.8505 15.5320
784 400 -1.9722 -0.0145 16.7970
816 400 -0.7252 -2.9991 12.7022
848 400 -1.9083 -2.2070 15.5007
880 400 -2.9112  0.0000 17.1794
912 400  9.1706 -0.6950 12.7501
944 400  2.1083  4.0734 19.0532
976 400  0.7320  1.1084 17.0643
 16 432 -0.0133 -0.1062 28.6051
 48 432 -0.0331  0.0300 24.5886
 80 432 -0.0261  0.0357 28.8607
112 432 -0.1355 -0.1375 43.2404
144 432 -0.1580 -0.0758 35.4669
176 432 -0.1089 -0.0225 32.5884
208 432 -0.0035 -0.0194 37.2498
240 432 -0.0287  0.0014 12.7793
272 432  1.0206  5.9790 17.1438
304 432 -0.0061  0.0182 28.8404
336 432  0.2054 -3.1917 56.4211
368 432  0.2960 -4.4145 55.4778
400 432  0.2282 -4.9242 95.0074
432 432  0.0950 -4.8565 84.7721
464 432 -0.0125 -4.9153 78.2379
496 432 -0.0521 -4.9335 84.1654
528 432 -0.1010 -4.8899 77.1961
560 432 -0.2730 -4.6265 58.3280
592 432  0.0081 -2.0855 58.0145
624 432 -0.1365 -0.7243 50.0039
656 432  0.0943 -0.0696 14.3567
688 432  0.3507 -0.0280 15.5441
720 432  4.9915 -1.8492 13.4300
752 432 -0.8257 -3.9500 13.1720
784 432 -4.6375  1.1797 15.7238
816 432  1.4368 -0.0332 12.7171
848 432 -1.6133 -0.2142 12.8158
880 432 -0.8783 -0.8768 12.2139
912 432 -14.9187 -2.1217 10.5500
944 432 -0.0940  0.0117 14.0312
976 432 -7.1874 -0.0221 14.2369
 16 464  0.0012  0.0705 35.5475
 48 464 -0.2266 -0.0183 31.8287
 80 464 -0.0509  0.0315 29.9756
112 464  0.1410  0.0772 34.2587
144 464  0.2046 -0.0555 31.6066
176 464  0.1158 -0.0339 26.5154
208 464  0.1516  0.0258 28.3696
240 464  0.1495 -0.4790 12.5656
272 464 -0.1073 -0.2455 12.7019
304 464  0.0621 -0.1051 23.6237
336 464  0.2007 -3.6407 48.6660
368 464  0.2981 -4.4453 79.1500
400 464  0.2231 -4.6272 72.4558
432 464  0.1828 -4.5941 63.3699
464 464  0.0839 -4.8153 101.3003
496 464 -0.0165 -4.8331 110.5127
528 464 -0.1352 -4.8994 90.1086
560 464 -0.2128 -4.3705 85.5358
592 464 -0.3453 -3.4202 52.3826
624 464 -0.0393 -0.2454 32.5473
656 464  0.0882 -1.0702 11.7162
688 464  1.0786  0.0586 12.1222
720 464  0.9855 -0.9748 13.1928
752 464 -1.8897 -0.1653 16.6162
784 464  0.0742  1.4356 13.7855
816 464 -2.4754  0.0541 13.4812
848 464 -0.0169 -1.9957 14.5836
880 464  9.5523 -0.5767 12.9689
912 464 24.0518 -0.9784  9.6323
944 464  4.7921 -1.7734 12.6502
976 464  2.2982 -0.4153 15.1604
 16 496  0.0345 -0.1602 31.2346
 48 496 -0.0106 -0.0004 27.2853
 80 496  0.2322 -0.1207 29.4117
112 496 -0.0195 -0.0163 31.1495
144 496  0.0755  0.0731 27.3915
176 496  0.1094  0.0009 33.3543
208 496  0.0599 -0.1614 16.4039
240 496 -0.0079 -0.0075 13.6237
272 496  0.0664 -0.2301 17.1615
304 496 -0.0530 -0.2856 19.9971
336 496  0.2510 -2.8675 67.3214
368 496  0.2501 -4.4210 82.5993
400 496  0.2495 -4.5086 75.5719
432 496  0.1469 -4.7460 102.8160
464 496  0.0524 -4.6668 67.5433
496 496 -0.1737 -4.4974 72.8663
528 496 -0.2046 -4.6511 72.4539
560 496 -0.1645 -4.4169 65.2017
592 496 -0.2924 -3.1128 61.2533
624 496 -0.1024 -0.2483 54.9466
656 496  0.1480  0.9137 10.8426
688 496  0.3062 -1.2470 12.7355
720 496 -0.1189  0.6677 17.1724
752 496  0.1939  1.9134 11.2689
784 496 -0.3904  1.2199 14.0945
816 496 -0.3383  2.4631 12.8276
848 496 -0.0026  1.4411 12.5622
880 496  1.9136  0.2752 13.2470
912 496  1.9672  0.7404 10.6632
944 496 -1.1568 -0.0319 13.2818
976 496  0.8323 -0.5940 17.3320
 16 528 -0.1435 -0.0249 32.5759
 48 528  0.0104 -0.0310 29.0457
 80 528  0.0086 -0.1746 21.4901
112 528  0.1195  0.0084 27.6267
144 528  0.0078  0.2096 30.4049
176 528  0.2464  0.0347 24.2567
208 528  0.1828  0.0308 15.9065
240 528 -0.3406  0.0418 14.4832
272 528 -0.1512 -0.5480 17.5028
304 528  0.1759 -1.0812 21.0534
336 528  0.2201 -3.7152 105.5106
368 528  0.2724 -4.2642 80.1371
400 528  0.2281 -4.5389 69.7705
432 528  0.0962 -4.4245 48.9697
464 528  0.0615 -4.5544 61.2522
496 528 -0.0321 -4.6862 85.1325
528 528 -0.0410 -4.5852 93.3563
560 528 -0.2931 -4.2978 73.1898
592 528 -0.1957 -3.4000 60.7186
624 528  0.0258 -0.6721 64.5946
656 528  0.0268 -0.1223 12.4203
688 528 -0.0777 -0.0281 16.7851
720 528  0.1184 -0.2261 14.8960
752 528 -0.1174  0.1296 12.6335
784 528 -3.0604 -0.6842 13.0551
816 528 -0.2128  1.2615 11.6976
848 528  0.6359  0.8926 13.5746
880 528 -0.1526 -1.4165 15.1538
912 528 -0.0838  2.5966 10.8514
944 528 -0.1574 -1.9977 15.3103
976 528 -0.1857  0.5377 14.1348
 16 560  0.1361 -0.0666 33.0058
 48 560  0.0634 -0.0573 38.9679
 80 560 -0.0785  0.0659 26.1300
112 560  0.0549 -0.0382 29.7158
144 560 -3.1583 -0.0381 15.7282
176 560  0.1276 -0.1987 22.0507
208 560 -0.0231 -0.0927 14.5180
240 560  0.1417 -1.0001 15.1345
272 560  0.0303 -4.3758 11.9819
304 560 -0.0175 -0.5241 32.8266
336 560  0.2553 -3.3892 87.5911
368 560  0.2164 -4.1880 80.0460
400 560  0.1400 -4.2717 112.2197
432 560  0.1730 -4.1442 93.9296
464 560  0.2089 -4.3386 66.7795
496 560 -0.1574 -4.3777 74.1289
528 560 -0.0703 -4.2812 81.1952
560 560 -0.2724 -4.2559 86.6030
592 560 -0.4632 -3.4772 57.6937
624 560 -0.0532 -0.5762 78.2752
656 560  0.0451  0.0295 17.3500
688 560 -0.1074 -0.0491 21.5535
720 560 -0.1838 -0.1266 34.0281
752 560 -0.2342  0.0855 23.9794
784 560 -0.2339 -1.0290 14.1216
816 560 -0.0727  1.2574 10.9371
848 560 -0.1013 -1.3918 12.8909
880 560 -3.3426 -6.9101 15.3024
912 560 -0.0596  5.2944 13.7941
944 560 -0.0092  0.0000 15.5028
976 560 -0.1712  0.2626 12.8674
 16 592 -0.0400  0.0025 35.0689
 48 592  0.0344 -0.0547 38.4065
 80 592  0.1727 -0.0293 37.9053
112 592  0.0464  0.2066 29.1956
144 592  0.0383  0.1425 23.2562
176 592  0.1265 -0.0529 20.9359
208 592 -0.1373  0.1344 15.5771
240 592 -0.1357  0.8106 20.4838
272 592  0.1991  0.3062 14.9195
304 592  0.1478 -2.3545 31.1184
336 592  0.1260 -3.7924 51.2767
368 592  0.2694 -4.1553 79.7010
400 592  0.1237 -4.2116 77.9521
432 592  0.0096 -4.2333 95.4918
464 592  0.0111 -4.2455 76.8711
496 592 -0.0978 -4.2504 68.6715
528 592 -0.2786 -4.2564 81.9899
560 592 -0.2163 -4.1104 64.4867
592 592 -0.3707 -3.4390 66.1649
624 592 -0.1227 -1.5201 70.7124
656 592 -0.2932 -2.1622 11.4680
688 592  0.0367  0.0599 16.0172
720 592 -0.1273 -0.0837 50.6738
752 592 -0.3319 -0.1838 26.0759
784 592  1.4554  0.1958 15.5771
816 592 -0.0473  1.1985 13.8238
848 592 -0.0688 -1.1539 19.9996
880 592 -0.2567 -1.0600 17.8436
912 592 -0.9457  0.0000 15.8204
944 592  2.1361  1.9789 17.8871
976 592  0.5736  1.2020 12.7153
 16 624  0.0003  0.2941 25.2356
 48 624  0.1413 -0.3353 27.8991
 80 624  0.0225  0.0194 30.8295
112 624  0.0410  0.2374 20.8361
144 624  0.0967  0.0317 22.4672
176 624 -0.0845 -0.1086 16.7091
208 624  0.0447  0.1106 16.6849
240 624 -0.0393 -0.1347 23.6081
272 624 -0.1951  0.2144 19.3322
304 624  0.2246 -2.3559 54.3392
336 624  0.3608 -3.5333 61.9617
368 624  0.1384 -4.0816 98.1947
400 624  0.1047 -4.1527 94.8238
432 624  0.0998 -4.0253 100.9714
464 624  0.0436 -4.0681 101.5478
496 624  0.0454 -4.1871 90.9456
528 624 -0.0775 -4.1920 89.0043
560 624 -0.1810 -4.0562 108.7002
592 624 -0.0687 -3.6966 62.9686
624 624 -0.2663  0.0000 38.2490
656 624  0.0149  0.7289 10.7908
688 624  0.0786  0.0568 13.5992
720 624 -0.0321  0.0651 41.3541
752 624  0.0333  0.2631 18.0011
784 624  1.3306 -0.1763 16.5641
816 624  0.0243 -2.5096 11.5820
848 624 -0.0397 -1.2928 11.3986
880 624 -0.1812 -1.2506 18.1655
912 624 -1.0336 -0.3730 14.3066
944 624 -0.7695  0.0627 20.3283
976 624  1.0151 -1.1630 17.5761
 16 656  0.0733 -0.0838 27.5684
 48 656  0.1525  0.0362 28.1972
 80 656 -0.0334 -0.0221 27.8693
112 656  0.0217 -0.1373 31.7189
144 656 -0.0318 -0.1163 19.8171
176 656 -0.1908  0.0294 15.2968
208 656 -0.1104 -0.3596 28.7379
240 656  0.0044  0.0153 32.4806
272 656 -0.0958 -0.0815 31.0714
304 656  0.0321 -1.9628 46.6059
336 656  0.2350 -3.6063 60.9816
368 656  0.1931 -4.0235 91.2207
400 656  0.0584 -3.9999 89.9129
432 656  0.0829 -4.2043 74.9068
464 656 -0.0299 -4.1180 94.2133
496 656 -0.0215 -4.0207 100.4942
528 656 -0.1326 -4.0990 90.2121
560 656 -0.1657 -3.9681 99.9790
592 656 -0.2382 -3.5570 88.4863
624 656 -0.0169 -1.3411 54.6224
656 656 -0.2181 -1.0824 19.2126
688 656 -0.0949 -0.2451 12.8217
720 656 -0.1888  1.4747 28.3097
752 656 -6.0590  3.1524 13.8174
784 656 -8.0378  4.9005 11.5847
816 656 -2.7860  2.7727 13.7207
848 656  0.2806 -1.2218 14.5084
880 656 -0.9547  0.1428 12.4474
912 656  0.1298 -0.1065 14.0131
944 656 -0.0118 -0.0358 17.5249
976 656  0.2697  0.0516 18.0297
 16 688 -0.0742 -0.0290 32.8467
 48 688  0.1553 -0.1113 29.8365
 80 688  0.0773 -0.1138 37.1785
112 688 -0.1132 -0.1388 31.7173
144 688 -0.0681 -0.0108 16.1482
176 688  0.1496  0.0229 19.9198
208 688 -0.0416 -0.1126 22.7695
240 688  0.0069  0.0205 39.7585
272 688 -0.0378 -0.2481 65.1409
304 688  0.0655  0.0168 62.2231
336 688  0.2869 -3.5336 76.2486
368 688  0.2814 -3.8852 78.0195
400 688  0.1866 -3.9189 70.2197
432 688  0.1842 -3.9696 77.9480
464 688  0.0057 -4.0778 98.4703
496 688 -0.0250 -4.0768 89.4547
528 688 -0.1194 -4.0735 83.6648
560 688 -0.0727 -3.9653 96.4517
592 688 -0.2373 -3.6672 76.7866
624 688  0.0391 -0.4625 63.0276
656 688  0.0167 -0.7333 14.1761
688 688 -0.0199  0.7140 11.6092
720 688  0.1110  0.0297 14.7380
752 688 -14.3700  1.2754 16.6100
784 688 -0.8460  6.1024 15.7721
816 688  9.3594  4.1487 13.8077
848 688 -4.0458  0.0371 16.9703
880 688  1.0721  0.0022 14.1894
912 688 -0.0067 -0.0088 34.1243
944 688  0.0565  0.1804 18.6198
976 688 -0.3408 -0.1813 20.9275
 16 720 -0.1142 -0.0538 31.6655
 48 720 -0.1003  0.0196 37.4728
 80 720  0.0687  0.0495 28.7808
112 720 -0.0072 -0.0395 16.2826
144 720 -0.1032  0.0863 14.4833
176 720 -0.0560  0.1213 21.5727
208 720 -0.0674  0.0076 24.4121
240 720 -0.0210 -0.0663 31.3504
272 720  0.0611 -0.1528 44.5374
304 720  0.1686 -2.0578 63.0153
336 720  0.3086 -3.3487 73.0713
368 720  0.3512 -3.7995 44.8775
400 720  0.0623 -4.0234 70.8619
432 720  0.0666 -3.8954 75.6552
464 720 -0.0435 -3.8932 70.4695
496 720 -0.0196 -3.8279 64.8963
528 720 -0.1669 -3.9433 77.6162
560 720 -0.2653 -3.8957 54.9285
592 720 -0.2772 -3.5026 67.9323
624 720 -0.1679 -1.9061 52.3265
656 720  0.1018 -0.0943 22.8986
688 720  0.0105  0.1208 11.0826
720 720  0.9956  0.0000 12.7781
752 720  2.2546 -7.6912 15.4288
784 720  4.7683 -11.0862 15.3297
816 720  9.1507 -2.0804 12.2604
848 720  8.3271  0.0722 12.3735
880 720  0.1697 -1.8475 13.2954
912 720  0.0407 -0.0498 15.4292
944 720  0.0784  0.0271 12.5817
976 720 -0.2489  0.0355 12.0383
 16 752 -0.2138 -0.0032 26.1218
 48 752  0.0266 -0.0009 15.3317
 80 752  0.0703  0.0386 13.9235
112 752 -0.1025  0.0028 13.9904
144 752  0.0833 -0.0658 21.6958
176 752 -0.0329  0.0165 18.3582
208 752 -0.0305  0.1834 21.5280
240 752  0.0525  0.1779 37.2700
272 752 -0.0676  0.0143 19.5649
304 752  0.1258 -2.7627 62.0370
336 752  0.0891 -3.3637 83.4731
368 752  0.0839 -3.7044 83.6113
400 752  0.0833 -3.9713 84.2258
432 752  0.0282 -3.9582 77.2045
464 752  0.0053 -3.9374 78.2408
496 752  0.1178 -3.5362 51.5898
528 752 -0.0420 -3.8624 93.4742
560 752 -0.3255 -3.8128 82.1882
592 752 -0.3294 -3.3325 76.6618
624 752 -0.0988 -2.5664 73.9546
656 752 -0.0008 -0.0232 64.7805
688 752  0.0480  0.6814 11.1223
720 752  1.3529 -0.4108 12.6580
752 752  1.2145 -0.1813 17.2099
784 752 -2.8081  9.0931 14.6372
816 752 -1.9596  0.1710 11.9096
848 752 -4.2012  0.5557 14.6113
880 752  4.1902  0.3883 12.8923
912 752  1.2442  0.1349 18.2055
944 752  1.2242  0.1070 17.2083
976 752 -0.0638 -0.0022 14.9802
 16 784  0.0485  0.0126 12.9642
 48 784 -0.0747  0.0155 14.1058
 80 784 -0.0177 -0.1744 16.4853
112 784 -0.1340 -0.1196 25.8834
144 784  0.1077  0.1424 17.0044
176 784 -0.0975  0.1447 19.0676
208 784 -0.0982 -0.0690 29.7924
240 784  0.0506 -0.1593 49.8044
272 784  0.0446 -0.3062 20.8065
304 784  0.1482 -2.8039 70.9781
336 784  0.2479 -3.3876 55.9340
368 784  0.0132 -3.5748 49.0322
400 784  0.1493 -3.8079 70.5572
432 784  0.0405 -3.8215 64.4117
464 784  0.0985 -3.8576 66.3806
496 784  0.1019 -3.6804 49.0620
528 784 -0.0352 -3.7356 56.3458
560 784 -0.1317 -3.6833 45.2670
592 784 -0.0862 -3.2328 42.8752
624 784 -0.1258 -2.1075 64.7913
656 784 -0.0703 -0.3457 34.1598
688 784 -0.0135  0.1671 10.8234
720 784  0.0543 -1.7975 12.4948
752 784 -1.7463 -0.2061 20.4594
784 784  4.9743 -6.7240 12.3518
816 784  0.1240 -6.7234 12.8814
848 784 -0.2123 -1.5647 13.3249
880 784  2.8627  1.1794 15.0765
912 784  2.8039 -3.9963 16.6376
944 784  2.1009 -2.0448 18.6147
976 784 -0.0653 -0.0461 14.6625
 16 816  1.7895  0.1035 19.9616
 48 816  0.1528  0.1026 18.6183
 80 816 -0.1318  0.0415 27.2242
112 816  0.1011  0.0211 21.6304
144 816  0.1154  0.0296 24.0420
176 816  0.1046 -0.1503 24.2687
208 816  0.0262  0.0926 24.1102
240 816 -0.0452 -0.0754 33.9234
272 816  0.0658 -0.6171 19.4778
304 816  0.2809 -3.0207 62.7119
336 816  0.2393 -3.4198 51.2061
368 816 -2.1160  0.0000 47.8645
400 816  0.0858 -3.6395 72.7410
432 816  0.0622 -3.6786 52.4396
464 816  0.0451 -3.8620 84.7791
496 816  0.0149 -3.8461 62.7606
528 816  0.0142 -3.7693 73.8419
560 816 -0.0651 -3.6890 62.5080
592 816 -0.1334 -3.5087 78.1692
624 816 -0.1724 -2.2396 66.0378
656 816 -0.0792 -0.2526 47.4256
688 816  0.0087 -1.7886 11.8066
720 816 -0.0158  3.8982 11.6969
752 816 -2.2844  1.1589 10.2608
784 816 -5.0797 -0.6951 13.1708
816 816  3.7465 -3.4252 14.3519
848 816 -0.0710  1.9384 17.5160
880 816 -0.2526  1.7114 14.4474
912 816  2.9799  3.9731 19.0464
944 816  0.1362  0.4822 17.0249
976 816 -0.0474 -0.1244 16.2910
 16 848  0.3392 -0.0221 18.0048
 48 848  0.0743 -0.1523 20.1769
 80 848  0.1068  0.0048 19.1119
112 848  0.0360 -0.2282 33.8087
144 848  0.2172  0.1934 25.7171
176 848 -0.0171  0.0117 33.4425
208 848  0.0279 -0.0768 30.5488
240 848 -0.1259 -0.0063 18.6631
272 848  0.0105 -0.4572 34.2817
304 848 -3.1627 -5.0615 52.2340
336 848  0.3208 -3.5467 55.5140
368 848  0.2037 -3.6848 43.9552
400 848 -5.6971  1.2124 49.6086
432 848  0.0262 -3.8002 59.9564
464 848  0.1137 -3.5927 47.4544
496 848 -0.1875 -3.6120 79.5817
528 848 -0.1335 -3.7229 64.1926
560 848 -0.1518 -3.5960 59.1755
592 848 -0.1673  0.0000 35.7792
624 848 -0.1266 -2.6314 71.0412
656 848 -0.0830 -0.1783 71.8456
688 848 -0.2053 -1.4694 13.3386
720 848 -0.0402 -1.3817 11.1013
752 848  4.3502 20.9046 11.2474
784 848 -0.6094  4.2816 14.4815
816 848 -0.1903 -2.6866 18.4845
848 848  2.8043 -3.7183 15.4344
880 848  1.0259 -1.8582 16.7339
912 848  0.7082 -0.0462 23.6954
944 848 -2.8954  2.9106 14.9851
976 848 -1.6112  2.0700 19.2723
 16 880 -0.1231 -0.2606 20.0279
 48 880 -0.0810 -0.0443 25.9907
 80 880 -0.3461 -0.2169 22.8700
112 880 -0.0896 -0.0294 35.8513
144 880  0.0860 -0.1364 35.9823
176 880  0.2334 -0.0672 33.9112
208 880 -0.0252  0.0539 27.3555
240 880  0.0502 -0.0187 19.8242
272 880  0.2327 -0.8223 44.1123
304 880  0.1752 -2.9101 61.6696
336 880  0.3774 -3.1867 48.3053
368 880  0.0518 -3.4321 66.3038
400 880  0.0722 -3.5977 54.7092
432 880  0.0751 -3.6431 68.6616
464 880  0.0019 -3.5753 57.7303
496 880 -0.0913 -3.4792 64.2939
528 880 -0.0582 -3.3179 62.3557
560 880 -0.0623 -3.5969 72.6718
592 880 -0.0573 -3.5067 42.7454
624 880 -0.1938 -2.6264 55.3499
656 880 -0.1022 -0.4435 60.1015
688 880 -0.0617 -1.1600 19.9542
720 880  0.0343 -0.7478 12.4915
752 880  3.1683 -4.8507 16.4859
784 880  0.0087 -1.5243 24.0673
816 880 -5.6468 -11.8834 15.7722
848 880 -0.8842 -8.0414 17.6576
880 880  2.4928 -2.9874 17.2939
912 880  0.8382 -1.5683 19.0475
944 880 -0.0432  0.0673 17.6793
976 880  0.2717  1.7425 18.7915
 16 912  0.0490  0.0869 15.9948
 48 912 -0.1334  0.1452 14.7302
 80 912  0.1360  0.2511 22.5211
112 912 -0.0834 -0.1824 22.2581
144 912  0.0062 -0.0160 38.4908
176 912  0.1515  0.0309 41.3435
208 912 -0.0558  0.0838 31.8626
240 912 -0.0014 -0.0384 20.6732
272 912 -0.0282 -0.4652 56.8211
304 912  0.4161 -2.3513 51.5479
336 912  0.1990 -3.2575 65.8245
368 912  0.1042 -3.3955 55.9198
400 912  0.0737 -3.5189 75.4153
432 912  0.2105 -3.4731 67.2699
464 912  0.1630 -3.3390 40.0105
496 912 -0.0098 -3.5860 59.9873
528 912 -0.1840 -3.3627 55.4624
560 912 -0.1731 -3.4407 42.7643
592 912 -0.1369 -2.9357 38.2298
624 912 -0.2313 -2.6208 58.0042
656 912 -0.1437 -0.6785 58.5671
688 912  0.1141 -0.0959 13.0370
720 912  0.0244 -0.0022 13.9099
752 912 -0.0305 -0.7823 15.6606
784 912 -3.8416 -5.6967 14.8579
816 912  0.7370  1.9159 20.2259
848 912 -11.8666 -3.4887 13.4164
880 912 -0.1479  0.1645 20.0801
912 912  2.0434 -1.4774 15.1074
944 912  0.6528 -0.6230 17.9277
976 912 -0.0394 -0.0261 20.6814
 16 944  0.0131 -0.0529 16.5990
 48 944 -0.0160 -0.0378 15.6258
 80 944  0.0077 -0.1042 21.4529
112 944 -0.1338 -0.0414 31.7322
144 944 -0.0759 -0.1298 37.5141
176 944 -0.0455  0.0615 48.5634
208 944 -0.0574 -0.0342 29.4202
240 944  0.0404 -0.0127 25.1034
272 944 -0.1214  0.1839 64.0234
304 944  0.1854 -2.8983 47.4832
336 944  0.2462 -3.1096 71.8733
368 944  0.2761 -3.4147 49.5377
400 944  0.1196 -3.3671 51.7287
432 944  0.0192 -3.3201 62.0993
464 944  0.0091 -3.4896 44.3249
496 944  0.0457 -3.4109 64.3718
528 944 -0.0514 -3.3932 61.6682
560 944 -0.1536 -3.4540 53.2105
592 944 -0.1325 -3.3055 51.7559
624 944 -0.2737 -2.8660 68.0182
656 944  0.0206 -0.9319 54.1758
688 944 -0.1982 -0.8397 19.7503
720 944  0.0005  0.0263 13.3758
752 944  0.0006 -0.0181 22.3193
784 944 -0.0126  0.2572 16.3550
816 944 -0.9108 -4.0964 18.2146
848 944  0.0301  0.0814 76.8122
880 944  0.0226  0.1118 48.0885
912 944 -0.2034  0.0939 21.1862
944 944 -0.0881 -0.3048 22.1957
976 944  0.7427  0.1966 14.4545
 16 976  0.0693 -0.0956 12.5682
 48 976 -0.0532 -0.5385 16.0113
 80 976 -0.0739 -0.0114 15.6743
112 976  0.0691 -0.0536 19.4647
144 976  0.1580  0.0212 25.3679
176 976  0.0380 -0.1241 33.4163
208 976 -0.0606  0.0605 31.6571
240 976 -0.0043 -0.1243 20.8370
272 976 -0.1030 -2.2200 76.7626
304 976  0.3096 -2.8776 54.4437
336 976  0.2194 -2.9261 64.7840
368 976  0.1159 -3.3027 44.8814
400 976  0.0533 -3.3025 36.8874
432 976  0.1808 -3.4848 44.3662
464 976 -0.0712 -3.3825 71.0211
496 976 -0.0842 -3.1347 42.2509
528 976 -0.0108 -3.1663 45.2199
560 976 -0.3116 -3.2201 37.7055
592 976 -0.1502 -3.0455 49.9491
624 976 -0.2004 -2.9430 57.2738
656 976 -0.0939 -1.4165 59.1012
688 976 -0.4338 -1.3144 50.4379
720 976  0.0488 -0.1121 12.1871
752 976  0.8229 -2.2124 16.7881
784 976  0.1352 -2.7386 17.3833
816 976  0.4887 -0.3832 17.8799
848 976  4.8639 -4.0700 15.5868
880 976 -2.0758 -1.3020 18.9879
912 976  5.1908  0.3462 14.1003
944 976 -0.1355  2.1207 20.2037
976 976 -0.4317 -0.2034 17.4903
 16 1008  0.0067  0.0052 14.9226
 48 1008 -0.0109  0.0009 14.6607
 80 1008 -0.0005 -0.0234 14.4530
112 1008  0.0046 -0.0172 14.3257
144 1008  0.0115 -0.0006 14.1358
176 1008  0.0027  0.0023 14.5630
208 1008 -0.0057  0.0005 14.7506
240 1008  0.0159 -0.0212 27.8589
272 1008 -0.1007 -0.2439 15.1180
304 1008  0.3177 -0.3339 12.5725
336 1008  1.1710 -0.0324 15.6263
368 1008  0.3320 -2.8892 21.2495
400 1008  0.1999 -0.1163 16.2868
432 1008  0.0921 -0.1739 16.1615
464 1008  0.0075 -3.1226 16.9699
496 1008  0.3323  0.0868 16.1837
528 1008 -0.1481 -2.9184 15.5179
560 1008 -0.1193 -2.8801 16.6949
592 1008  0.3600 -0.2844 12.6261
624 1008 -0.1182 -2.5818 20.4322
656 1008  0.2011 -0.4914 21.2378
688 1008 -0.0468 -0.0761 17.9511
720 1008  0.0177 -0.0103 18.4611
752 1008 -0.0124 -0.0082 14.6832
784 1008 -0.0112 -0.0130 14.5723
816 1008  0.0040  0.0017 14.7487
848 1008 -0.0047 -0.0022 14.7131
880 1008 -0.0079 -0.0225 14.6496
912 1008 -0.0186  0.0149 16.7463
944 1008 -0.0090 -0.0043 21.0363
976 1008  0.0040 -0.0094 19.5454
