 16  16 -0.1705 -0.4918 60.5649
 48  16 -0.2223 -0.4955 54.7715
 80  16 -0.1485 -0.4312 76.2132
112  16 -0.1359 -0.4799 60.7906
144  16 -0.3512 -0.4153 67.4017
176  16 -0.1724 -0.1548 110.3468
208  16  0.0423 -0.5004 58.2186
240  16 -0.1060 -0.4295 60.6532
272  16 -0.0404  1.3733 59.1721
304  16 -0.0500  2.6015 56.6209
336  16  0.4394 -0.6056 108.7456
368  16  0.2099 -6.5330 64.8109
400  16  0.0360 -8.6425 41.8655
432  16  0.0028 -7.1110 47.5481
464  16  0.7587 -6.2456 38.0438
496  16  0.1408 -6.6822 36.0000
528  16  1.0687 -0.6205 32.5532
560  16 -0.3872 -0.3729 40.8853
592  16  0.0118 -0.5526 54.5095
624  16 -0.1577 -0.2354 71.4377
656  16 -0.1721 -0.0800 81.6790
688  16 -0.1966 -0.0833 85.8188
720  16 -0.1485 -0.2148 88.7768
752  16 -0.1107 -0.2781 71.0344
784  16 -0.0328 -0.3337 81.3652
816  16 -0.0543 -0.1192 86.6589
848  16 -0.0167 -0.1479 89.9183
880  16 -0.0801 -0.1642 69.3484
912  16 -0.0044 -0.0312 89.1189
944  16 -0.0620 -0.0299 76.9633
976  16  0.0063 -0.0299 70.5268
 16  48 -0.8450  0.0267 24.3580
 48  48 -0.3041  0.1203 24.0123
 80  48 -0.1635  0.2598 25.3434
112  48 -0.5166  0.0900 13.1101
144  48 -0.4309  0.1510 22.2912
176  48 -0.2942  0.1168 18.0069
208  48 -0.1016  0.0598 14.7881
240  48  0.0510  0.2587 26.7431
272  48 -0.0710  0.1669 17.1977
304  48  0.1507 -0.1666 27.1159
336  48 -0.0984 -0.0086 14.7489
368  48  0.2178 -4.3536 26.6699
400  48  0.1602 -5.9122 23.9800
432  48  0.3160 -6.0467 28.3701
464  48  0.5436 -5.5022 26.1702
496  48  0.4170 -6.2933 38.0352
528  48  0.4217 -6.3023 60.6451
560  48 -0.0112 -2.6145 34.2177
592  48 -0.0079 -1.8401 76.0917
624  48 -0.0997 -1.0207 17.1787
656  48 -0.0806  0.0470 84.2459
688  48 -0.1880  0.0845 145.1270
720  48 -0.0643  0.1071 129.2145
752  48 -0.2130 -0.0281 110.6086
784  48 -0.1621  0.2323 115.7400
816  48 -0.1032  0.0408 129.4259
848  48 -0.0462  0.0141 96.0231
880  48 -0.0471  0.0174 108.5201
912  48 -0.0612 -0.0340 113.1117
944  48 -0.0421 -0.0949 108.4816
976  48  0.0297  0.0009 106.9226
 16  80 -0.4056  0.0828 95.3512
 48  80 -0.4830  0.2507 67.4427
 80  80 -0.3908  0.1324 86.2675
112  80 -0.3173  0.0554 61.6633
144  80 -0.3500  0.2214 53.9112
176  80 -0.2134  0.1477 24.1288
208  80 -0.0406  0.1133 57.8502
240  80 -0.0301  0.0451 48.9526
272  80 -0.0947 -0.0050 21.9835
304  80  0.1476  0.0823 30.8785
336  80 -0.0064 -0.6437 20.0159
368  80  0.1192 -3.6916 20.2736
400  80  1.6642  0.0000 30.4631
432  80  3.0054  0.0000 26.3879
464  80  1.5888  0.0000 62.8311
496  80  0.2001 -6.2289 188.0823
528  80  0.1382 -5.8569 23.0681
560  80  0.1751 -5.0435 19.5782
592  80 -1.1998  0.0104 11.1318
624  80 -0.1031  1.1106 14.6659
656  80 -0.0327 -0.0049 42.2995
688  80 -0.0460  0.2408 43.0546
720  80 -0.8681  0.0019 12.5992
752  80  0.0647  0.8384 11.8963
784  80 -0.6619  0.1265 11.9655
816  80 -0.0519  0.0933 11.5512
848  80  0.0707 -0.1021 17.2297
880  80 -0.0641 -0.5333 13.8274
912  80 -0.0198 -0.1357 12.6935
944  80 -0.0795  0.0046 48.1527
976  80  0.0590  0.0209 105.9816
 16 112 -0.0213 -0.0005 35.7365
 48 112  0.0548  0.0013 33.4052
 80 112 -0.1699  0.0686 26.0096
112 112  0.0518  0.0270 22.9332
144 112  0.0049  0.0989 25.7938
176 112 -0.0274  0.0382 19.3858
208 112  0.0259  0.0152 22.8563
240 112 -0.0723  0.0302 24.6272
272 112  0.0434  0.0105 26.3213
304 112  0.0977 -0.0566 23.5001
336 112  0.0780  0.0411 20.2411
368 112 -0.0356  0.2995 34.6769
400 112  0.3054 -5.6345 39.3146
432 112  2.5444  0.0000 29.4033
464 112  5.4597 -0.4576 42.7249
496 112  2.0033  0.0000 33.8010
528 112 -0.8740 -2.0099 31.0234
560 112  0.0525 -1.0583 54.4477
592 112  0.0391 -0.0133 18.4430
624 112  0.0113  0.0381 15.9880
656 112 -0.0594 -0.0879 15.6796
688 112 -0.0103  0.0388 16.6613
720 112  0.0205  0.0304 18.3925
752 112  0.0180 -0.0992 20.2944
784 112  0.0021  0.0395 17.7117
816 112 -0.0718 -0.0095 17.0689
848 112 -0.0709  0.1305 26.3975
880 112  0.1506  0.0292 19.9352
912 112 -0.0278 -0.0841 16.5118
944 112  0.0871  0.0683 16.3986
976 112  0.0257  0.0685 23.2119
 16 144  0.7033  0.2196 14.5943
 48 144  1.1262  0.1663 14.8626
 80 144  0.1785  0.0653 14.0043
112 144  0.5144 -0.0019 12.5826
144 144  0.7584 -0.0336 12.8638
176 144 -0.0364  0.0281 13.5293
208 144 -0.0008 -0.0294 13.3176
240 144 -0.7842  0.0106 11.8350
272 144 -0.0058  0.0680 12.6649
304 144 -0.0439  0.0852 13.1001
336 144 -0.1182 -0.0152 63.0520
368 144  0.4670 -4.7503 57.8352
400 144  0.4683 -5.9415 66.0986
432 144  0.3895 -6.2169 54.9769
464 144  0.1343 -6.2225 54.9116
496 144  0.1822 -6.2730 52.2890
528 144  0.0056 -6.2363 45.3563
560 144  0.0206 -5.1495 55.8191
592 144  0.0444 -0.0462 60.7528
624 144  0.3958  0.0079 12.9088
656 144  0.8659  0.1407 12.6253
688 144  0.3917  0.0108 11.8555
720 144 -0.5659  0.0086 11.9216
752 144 -0.8734 -0.0303 11.7009
784 144  0.2801  0.0616 12.1148
816 144  0.1045 -0.0077 11.4511
848 144  0.1910  0.1047 11.8959
880 144  0.0179 -0.0160 11.8208
912 144  0.1073  0.0238 12.1582
944 144  0.0825  0.0521 12.1552
976 144  0.0170 -0.0162 12.3208
 16 176  0.0110  0.0484 11.9110
 48 176  0.0140 -0.0621 12.0344
 80 176 -0.0733  0.1165 11.7912
112 176  0.0326  0.0878 11.8734
144 176  0.2178  0.1253 11.6148
176 176  0.1236 -0.0130 11.4209
208 176  0.8733  0.0117 11.1918
240 176 -0.0048  0.0788 11.0763
272 176  0.4495  0.0536 11.1705
304 176  0.2910  0.0247 11.9895
336 176 -0.0653 -0.2198 27.8516
368 176  0.6135 -4.9969 46.4783
400 176  0.4233 -5.8203 56.4291
432 176  0.3277 -6.0632 57.3100
464 176  0.2621 -5.9930 63.2974
496 176  0.0423 -6.0581 72.8133
528 176 -0.0275 -6.0679 58.2272
560 176 -0.3545 -4.6847 39.1590
592 176 -0.0103  0.0342 68.0353
624 176 -0.2949  0.1128 11.9184
656 176  0.0139  0.1057 11.2282
688 176 -0.0291  0.0406 11.2302
720 176  0.2095  0.0421 11.3046
752 176  0.2725  0.1007 11.0962
784 176 -0.1433  0.1484 10.9138
816 176 -0.2766  0.0759 11.0868
848 176  0.0828  0.0627 11.1367
880 176 -0.1536  0.0429 11.1741
912 176  0.0408 -0.0722 11.2162
944 176  0.0050 -0.0328 11.5579
976 176  0.0025  0.0161 11.5445
 16 208  0.0000  0.0315 13.6435
 48 208  0.0193  0.0586 13.2990
 80 208 -0.0676  0.0166 15.6788
112 208  0.1982  0.0342 14.7730
144 208 -2.0738  0.1148 14.2329
176 208 -0.8998  0.7497 14.1906
208 208  0.0941 -0.0051 14.5946
240 208  0.0823  0.2829 12.4737
272 208  0.5301  0.0383 12.4207
304 208  0.0450 -0.0996 17.3669
336 208  0.1475 -0.0277 46.4841
368 208  0.5432 -4.7381 43.2501
400 208  0.4818 -5.6341 36.1575
432 208  0.3620 -5.8503 77.0817
464 208  0.2685 -5.9378 70.7101
496 208 -0.0339 -5.9457 72.9876
528 208 -0.1251 -5.8786 77.0146
560 208 -0.2604 -4.8711 45.8412
592 208  0.0480 -0.3648 35.3181
624 208  0.0133  0.0463 13.6648
656 208 -0.0689  0.0211 16.5656
688 208 -0.1255  0.0589 16.0868
720 208 -0.0615  0.0805 16.9249
752 208 -0.1418  0.0348 15.7792
784 208 -0.0157  0.0864 13.9340
816 208  0.0134  0.0713 12.6071
848 208  0.7608  0.0573 12.8689
880 208 -1.2325  0.0661 12.7240
912 208  1.0072  0.0739 13.0485
944 208  0.2405  0.0109 14.2450
976 208 -0.0732  0.0611 13.7103
 16 240 -0.1066  0.0150 15.7312
 48 240  0.0583 -0.0155 15.7971
 80 240 -0.1096 -0.0493 15.1291
112 240  0.1134  0.0462 14.1179
144 240 -0.0437 -0.0628 15.1001
176 240  0.0423 -0.1295 14.8716
208 240  0.0468 -0.0894 15.2344
240 240  0.3473 -0.0388 13.8148
272 240 -0.0982  0.0000 15.9427
304 240  0.0022 -0.0600 20.6021
336 240  0.1407 -0.0378 32.9314
368 240  0.3880 -4.2502 67.9052
400 240  0.3256 -5.7165 50.8930
432 240  0.1629 -5.6847 71.5590
464 240  0.0950 -5.7348 48.5704
496 240 -0.1439 -5.6293 85.0013
528 240 -0.1668 -5.6115 86.9509
560 240 -0.2426 -4.6497 76.2127
592 240  0.0034 -0.2202 51.6634
624 240  0.0784 -0.1743 12.1790
656 240 -0.1772 -0.0224 32.9134
688 240 -0.2357  0.0695 77.5657
720 240 -0.1481 -0.1041 74.3980
752 240 -0.1793  0.0440 79.9247
784 240 -0.2034 -0.0382 57.1208
816 240 -0.1104 -0.0620 25.3259
848 240  0.1379 -1.4344 13.6010
880 240  3.8118 -1.1858 13.0898
912 240 20.6654 -2.0419  9.2689
944 240 -0.1191 -0.1303 16.5880
976 240 -0.0518 -0.2230 14.2123
 16 272  0.1296 -0.0928 25.0115
 48 272  0.1221 -0.0403 31.2487
 80 272  0.0582  0.0496 39.8251
112 272 -0.0965  0.1523 23.0413
144 272 -0.0283 -0.1231 33.2029
176 272  0.0486  0.0118 25.6043
208 272  0.0754  0.0345 24.8685
240 272 -0.1628  0.1462 13.2051
272 272 -0.0084  0.0000 13.9883
304 272 -0.1096  0.0614 18.3330
336 272  0.1437  0.0699 23.8627
368 272  0.3751 -4.5313 54.0824
400 272  0.5801 -5.1154 84.8644
432 272  0.1333 -5.6269 67.3794
464 272  0.0856 -5.6078 78.3245
496 272  0.0075 -5.5420 82.7667
528 272 -0.2135 -5.5571 73.8007
560 272 -0.2789 -4.5760 70.0664
592 272  0.0468 -0.0936 44.3917
624 272  0.0903  0.1203 12.5547
656 272 -0.1362 -0.0270 35.5386
688 272 -0.1219 -0.0645 48.4277
720 272 -0.1317 -0.0037 76.9597
752 272 -0.1987 -0.0225 76.8827
784 272 -0.1837 -0.0229 66.5377
816 272 -0.1071 -0.1911 17.1439
848 272  0.7357 -2.2455 10.9038
880 272 18.9907 -1.8305  9.4316
912 272 -7.8186  0.0131  9.3208
944 272 -1.5133  0.0342 12.8847
976 272 -0.1076 -0.0564 14.1719
 16 304  0.0241  0.2552 30.1604
 48 304  0.0044  0.0409 45.1721
 80 304  0.0508 -0.0242 37.3806
112 304  0.0047  0.0453 45.7387
144 304 -0.1199  0.1584 36.7235
176 304 -0.1106  0.1120 41.9529
208 304 -0.1159 -0.1843 20.7106
240 304 -0.1085  0.0028 14.4702
272 304  0.1349 -0.3304 19.5550
304 304  0.0037 -0.1797 15.2723
336 304  0.6071 -3.1874 55.0294
368 304  0.3750 -4.5770 69.7440
400 304  0.2310 -5.2664 85.0808
432 304  0.2134 -5.4215 81.1378
464 304  0.2206 -5.0746 75.6842
496 304  0.0930 -5.6101 77.4230
528 304 -0.2239 -5.4175 88.3094
560 304 -0.3097 -4.8068 53.2581
592 304  0.0164 -0.0476 53.0907
624 304  0.0094 -0.1132 11.6553
656 304 -0.0714 -0.0337 31.5464
688 304 -0.2030 -0.0397 75.0342
720 304 -0.1038 -0.0371 50.0056
752 304 -0.1544 -0.0340 83.8866
784 304 -0.1202  0.0431 32.3581
816 304 -0.2139 -0.0982 20.8514
848 304  1.8480  0.0000 11.8901
880 304  2.6873 -1.2059 12.3547
912 304 -1.2291 -0.2293 12.4140
944 304  1.7177 -0.0964 12.3319
976 304  0.1286  0.0206 13.7399
 16 336  0.1040  0.0404 42.2377
 48 336  0.0627  0.1194 34.1974
 80 336 -0.1967 -0.0727 49.5140
112 336 -0.0363 -0.0375 47.2833
144 336  0.0135  0.1269 52.4772
176 336  0.0131  0.2330 30.8056
208 336 -0.0198  0.1304 19.0951
240 336  0.0725  0.1199 13.6102
272 336 -0.0646  0.0000 14.1434
304 336  0.0434 -0.2565 14.6814
336 336  0.2778 -2.9331 47.8040
368 336  0.2864 -4.7343 61.4768
400 336  0.1844 -5.2988 89.1551
432 336  0.1979 -5.2662 64.5468
464 336  0.0610 -4.9702 80.5038
496 336 -0.0156 -5.3273 67.4015
528 336 -0.2648 -5.2532 71.9220
560 336 -0.2480 -4.9085 55.6819
592 336  0.0336 -0.1829 80.2942
624 336  0.0219  0.0379 12.0610
656 336 -0.1620 -0.0506 57.1909
688 336 -0.1239 -0.1323 65.1220
720 336 -0.1035 -0.0615 43.0013
752 336 -0.0804 -0.0954 40.6079
784 336  0.0127 -0.0690 25.2027
816 336 -0.3222  0.9456 14.5179
848 336  2.0033  0.0519 13.4435
880 336  1.4290  0.1060 12.3073
912 336 -4.0096 -0.0187 12.6080
944 336  0.3158  1.7990 17.5095
976 336 -0.6412  0.0290 16.2578
 16 368 -0.3645 -0.0889 42.6235
 48 368 -0.0861  0.0365 40.8618
 80 368  0.1661 -0.0115 42.0151
112 368 -0.0435  0.0191 33.9330
144 368 -0.0626  0.1545 35.5620
176 368 -0.0305  0.2876 34.5903
208 368  0.0656  0.4355 28.4686
240 368 -0.1440 -0.2587 14.5310
272 368 -0.2323 -0.3893 24.5104
304 368 -0.1211  0.0829 12.7191
336 368  0.3641 -3.0632 52.9213
368 368  0.3806 -4.6658 77.6274
400 368  0.3175 -5.0908 101.3957
432 368  0.1554 -5.1268 91.0567
464 368  0.0506 -4.8864 60.8347
496 368 -0.1547 -5.0732 74.9678
528 368 -0.1424 -5.0960 85.9843
560 368 -0.3609 -4.5378 44.7355
592 368  0.0844 -0.0050 44.3469
624 368 -0.1865 -2.6492 11.8358
656 368 -0.0549  0.0040 25.2881
688 368 -0.1295  0.2279 56.3233
720 368 -0.1154 -0.0453 40.3713
752 368 -0.0320 -0.0801 16.3774
784 368  0.0854 -0.6936 11.2039
816 368 -0.3148 -1.0786 13.5166
848 368 -0.2308 -1.1767 11.7721
880 368 -3.0153  0.6622  9.8800
912 368 -2.1364 -0.7789 10.8803
944 368 -2.8422 -0.8023 17.2364
976 368  0.6185  0.4614 17.0069
 16 400  0.0583 -0.0487 36.6371
 48 400 -0.0080  0.1587 36.7372
 80 400 -0.1258  0.0747 40.3350
112 400 -0.0485 -0.0375 39.7694
144 400 -0.0646  0.0629 39.3685
176 400 -0.1339 -0.1415 31.2884
208 400 -0.1921 -0.0287 23.9216
240 400 -0.1255 -0.0708 13.3904
272 400  0.9924 -3.9005 17.1055
304 400  0.0191 -0.0008 17.2098
336 400  0.2867 -3.0202 56.3008
368 400  0.3860 -4.4874 71.6617
400 400  0.2053 -4.9131 89.4474
432 400  0.1614 -5.0065 105.3291
464 400  0.0224 -4.9261 94.2820
496 400 -0.0702 -5.0213 109.4060
528 400 -0.1478 -5.0046 87.0035
560 400 -0.2949 -4.6254 58.3845
592 400 -0.3882 -3.3591 48.8995
624 400  0.0168 -1.8287 14.8104
656 400 -0.0519  0.0498 15.9766
688 400 -0.0937  0.0083 33.2069
720 400 -0.0859 -2.3869 21.7033
752 400 -0.2285  0.2413 15.0750
784 400  1.1303  0.0000 14.7808
816 400  0.0064  2.8639 13.4403
848 400  2.4289 -0.1429 15.7602
880 400 13.5904 -1.1031  9.4372
912 400 15.7091 -0.3486 11.0811
944 400  2.6931 -1.9100 19.0910
976 400 -0.4751 -0.7819 18.3422
 16 432  0.1477 -0.0588 27.6939
 48 432 -0.0170  0.0599 26.2005
 80 432 -0.0411  0.0131 36.9812
112 432 -0.0848  0.0978 51.1552
144 432  0.1006  0.1011 26.2386
176 432  0.0317  0.1949 21.7309
208 432 -0.1037  0.0574 38.5493
240 432 -0.0478 -0.0193 13.7037
272 432  0.2840  0.2384 20.0753
304 432 -0.0146  0.0199 25.1158
336 432  0.2674 -3.6426 77.5457
368 432  0.3232 -4.2638 44.4773
400 432  0.2648 -4.7881 63.6596
432 432  0.0525 -4.9704 115.5376
464 432  0.0325 -4.8850 87.6942
496 432 -0.1742 -4.9429 97.8997
528 432 -0.3167 -4.5832 49.8026
560 432 -0.3308 -4.5438 58.4509
592 432 -0.2977 -3.0927 68.8613
624 432 -0.2249 -2.0904 24.7537
656 432 -0.2384  0.4227 13.1769
688 432 -0.0672 -0.7378 15.1154
720 432  0.9698  2.8117 13.3912
752 432  0.0160 -5.1606 13.0141
784 432 -3.7876  1.9532 15.6834
816 432  2.6112 -0.1581 12.9047
848 432  0.0835  1.7917 12.7494
880 432 -1.3923 -0.0573 13.0959
912 432 15.8643 -0.2281  9.8576
944 432  4.3812  3.2204 12.9072
976 432  0.1525 -2.1831 17.8614
 16 464 -0.0778  0.1830 34.1782
 48 464 -0.0149  0.1590 36.1445
 80 464 -0.0767  0.0540 27.6232
112 464  0.1644  0.0078 32.8153
144 464  0.0039 -0.0338 35.6212
176 464  0.0515  0.0845 25.3953
208 464  0.0529  0.2388 26.3093
240 464 -0.1486 -0.0714 12.3219
272 464 -0.1682  0.2548 17.0587
304 464  0.0471 -0.0702 27.7565
336 464  0.4389 -3.1034 52.9766
368 464  0.3409 -4.4653 74.8053
400 464  0.2078 -4.6617 45.2961
432 464  0.1177 -4.8381 92.1479
464 464  0.0633 -4.6558 96.2866
496 464 -0.0897 -4.7071 82.5256
528 464 -0.1154 -4.7994 58.9353
560 464 -0.2591 -4.4483 83.2282
592 464 -0.2174 -3.2876 39.7012
624 464 -0.0033  0.0585 47.3769
656 464 -0.0181 -1.6374 11.7229
688 464 -2.8171 -1.9704 11.4769
720 464  2.8904 -1.0486 13.7699
752 464 -1.0685  3.0097 13.9196
784 464 -2.6426  0.8266 12.4639
816 464 -3.0667  0.0000 16.6680
848 464  1.4804  0.3111 11.6385
880 464  1.8499  0.4351 13.3412
912 464 -1.9159  0.0000 10.0473
944 464 -3.3322 -0.4993 16.7272
976 464 -1.6561  1.5135 15.3167
 16 496  0.0009 -0.0104 36.3253
 48 496 -0.0532 -0.0763 30.8527
 80 496  0.2086 -0.0960 42.9993
112 496 -0.0238 -0.1187 29.4914
144 496  0.0668 -0.0248 30.8991
176 496 -0.0004 -0.0245 31.9757
208 496 -0.0644 -0.0479 18.0689
240 496 -0.0178  0.0173 14.5276
272 496  0.2459 -0.1805 22.1604
304 496  0.0368 -1.7863 20.7303
336 496  0.4049 -3.3352 81.9799
368 496  0.2421 -4.3962 73.8764
400 496  0.1902 -4.2061 52.2317
432 496  0.1214 -4.7812 96.0344
464 496  0.0735 -4.6211 54.5957
496 496 -0.0313 -4.6769 74.0827
528 496 -0.1252 -4.5665 67.1200
560 496 -0.2185 -4.3912 86.8673
592 496 -0.1238 -2.0792 64.6179
624 496 -0.0690 -0.1455 66.6091
656 496  0.0164 -1.0364 11.1273
688 496 -0.0981 -1.2715 12.2647
720 496  0.0320 -0.8220 18.1819
752 496  0.0098 -3.1007 12.9375
784 496 -0.0366  1.1943 12.3863
816 496  1.9656  1.7845 12.5942
848 496 -0.2704 -1.6399 12.9290
880 496  3.9717  0.1559 13.3680
912 496 -1.9121 -0.7258 10.4541
944 496  1.0347  0.0169 12.4779
976 496 -2.3849 -1.8149 16.9887
 16 528 -0.0667 -0.0186 34.7283
 48 528 -0.0031 -0.0143 32.0717
 80 528 -0.0206 -0.0905 26.5316
112 528 -0.1022  0.1537 22.5502
144 528 -0.0784 -0.0297 36.3683
176 528  0.0502 -0.0748 27.9360
208 528  0.1828 -0.0047 14.8303
240 528 -0.1100 -0.2714 14.8014
272 528  1.1854  0.5625 13.6951
304 528 -0.1678 -0.1601 75.4616
336 528  0.5022 -3.6747 69.5111
368 528  0.2261 -4.3716 84.5086
400 528  0.2034 -4.4579 44.5962
432 528  0.1584 -4.5016 64.7993
464 528  0.0374 -4.4168 80.7684
496 528  0.1447 -4.4719 63.7908
528 528 -0.1830 -4.2615 59.9673
560 528 -0.2190 -4.3194 79.3700
592 528 -0.2785 -3.7258 81.3206
624 528  0.0288 -0.2194 84.6801
656 528  0.0131 -0.0323 11.9428
688 528 -0.0432 -0.1087 17.5748
720 528  0.2003 -0.1604 14.6089
752 528 -0.2314 -0.0722 13.7002
784 528  0.3495  0.0000 13.2878
816 528 -0.1721  1.2265 11.7992
848 528 -3.0078  0.6137 12.9955
880 528  1.8903 -11.3629 13.8858
912 528  1.5714  0.0000 11.4668
944 528 -0.1353  0.0352 16.7640
976 528 -1.9549 -0.7493 15.6568
 16 560 -0.1653  0.1060 33.9451
 48 560 -0.0092  0.1729 40.6175
 80 560 -0.0049 -0.1086 27.2457
112 560 -0.0611  0.0546 23.8884
144 560  0.0447  0.1997 23.6950
176 560  0.0049 -0.0816 27.7848
208 560  0.0192 -0.0629 13.9299
240 560  0.0248  0.1109 17.1984
272 560 -0.0354 -0.2444 13.8850
304 560  0.0876  0.1091 40.5699
336 560 -0.0399 -2.8091 74.8078
368 560  0.2874 -4.1991 74.2605
400 560  0.1802 -4.1665 69.6116
432 560  0.1350 -4.4490 84.1620
464 560 -0.0178 -4.3160 78.8405
496 560  0.1043 -4.5071 38.6171
528 560  0.0062 -4.3133 76.2644
560 560 -0.3002 -4.1432 100.1661
592 560 -0.2172 -3.4412 49.4453
624 560  0.0203 -0.5884 61.5648
656 560 -0.0019 -0.0077 18.3340
688 560 -0.1112 -0.0118 22.2179
720 560 -0.0496 -0.0777 39.1251
752 560 -0.1234  0.1371 26.4067
784 560 -4.7166  0.8823 13.4857
816 560 -0.0645  1.5812 10.9448
848 560 -0.0272 -1.2388 13.9510
880 560  4.0857  0.7275 13.7242
912 560  3.1658  3.2688 14.8021
944 560 -1.8490 -0.7727 15.8483
976 560  0.0690  0.3298 14.3283
 16 592  0.0361  0.0038 33.8341
 48 592  0.1421 -0.0740 31.9718
 80 592  0.1085  0.0486 28.7796
112 592  0.0593  0.1976 37.6813
144 592  0.0410 -0.0133 27.6731
176 592  0.2389  0.1954 16.8185
208 592  0.0791  0.1070 17.8227
240 592  0.2488  0.3004 25.0874
272 592  0.2217  0.0291 16.1234
304 592  0.1285 -2.1723 93.3120
336 592  0.2796 -3.6875 69.2215
368 592  0.1798 -4.1095 79.7141
400 592  0.1838 -4.1961 71.3709
432 592  0.0216 -4.2774 84.9930
464 592 -0.1538 -4.2542 76.0399
496 592 -0.0866 -4.2306 69.3881
528 592 -0.1667 -4.2176 73.1203
560 592 -0.0016 -4.0120 72.4808
592 592 -0.1225 -3.2694 73.9751
624 592 -0.1990 -1.7672 58.6776
656 592  0.0181 -0.0080 10.8736
688 592  0.0385  0.0070 16.8568
720 592  0.0097  0.1028 54.2321
752 592 -0.2145 -0.1440 28.8207
784 592 -1.9416 -0.6638 14.1101
816 592 -0.0906  1.3040 13.4564
848 592 -1.2419  0.0530 18.3612
880 592 -0.0729 -1.0389 16.4142
912 592  2.5134 -2.7612 14.9637
944 592  2.3677  2.1702 14.9026
976 592  0.9710 -1.9844 15.7312
 16 624 -0.0771  0.0374 34.7940
 48 624 -0.1712  0.1825 36.6130
 80 624  0.1719 -0.0444 27.2439
112 624  0.1180 -0.0446 27.9417
144 624  0.1442  0.0713 25.1471
176 624  0.0874  0.0163 15.6537
208 624  0.1387  0.1389 18.7422
240 624 -0.0477  0.1527 26.2078
272 624 -0.0128  0.1500 21.9715
304 624  0.2646 -0.0496 36.7536
336 624  0.0821 -3.7796 116.8797
368 624  0.3103 -3.8102 73.2852
400 624  0.1041 -4.1008 102.0619
432 624  0.1223 -4.1820 96.1293
464 624  0.0214 -4.1161 100.5496
496 624 -0.0732 -4.2363 89.8310
528 624 -0.1388 -4.1384 78.9369
560 624 -0.1984 -3.8800 56.8440
592 624 -0.2622 -3.5889 80.1872
624 624 -0.1226 -1.4320 76.5384
656 624 -0.0250 -1.2544 11.4027
688 624  0.0188  0.0130 13.6861
720 624 -0.0879 -0.1927 39.6532
752 624 -0.4064  0.0349 20.7009
784 624 -0.9968 -1.8304 15.0186
816 624  0.2585  1.3612 11.7278
848 624 -0.0916  1.2461 12.1429
880 624  0.1296 -1.3519 16.7015
912 624 -1.0891 -0.1789 14.1582
944 624  0.0187 -0.0726 20.0380
976 624  0.0574 -0.1556 19.8551
 16 656  0.0096  0.0387 34.9156
 48 656  0.0592 -0.0619 33.7921
 80 656 -0.1924  0.1287 28.6262
112 656 -0.0592 -0.1180 30.1391
144 656  0.0087 -0.0908 19.6100
176 656 -0.0407 -0.0252 16.2184
208 656  0.0354 -0.3082 24.6096
240 656  0.0148  0.0443 29.2484
272 656 -0.0670 -0.0175 30.7915
304 656  0.1004 -2.4355 49.1011
336 656  0.2521 -3.6070 59.0255
368 656  0.2191 -4.0028 89.2564
400 656  0.1581 -4.0608 84.8046
432 656  0.0819 -4.0691 95.5165
464 656  0.0365 -4.0810 81.9158
496 656 -0.0438 -4.0472 114.1052
528 656 -0.1130 -4.0117 99.4650
560 656 -0.2759 -3.9196 60.6564
592 656 -0.2959 -3.5480 70.8681
624 656  0.0311 -0.4935 64.8387
656 656 -0.1548 -0.9226 11.4280
688 656 -0.0383 -0.1812 12.8244
720 656 -0.1941 -0.2293 28.1976
752 656 -2.9663 -3.0867 16.3646
784 656 11.7060  1.9525 13.8021
816 656 -0.1442 -7.9823 15.9591
848 656  0.7497 -0.6360 13.2285
880 656  0.0181 -0.9187 12.7594
912 656 -0.2000 -0.0074 13.4223
944 656  0.0472  0.1970 16.5782
976 656 -0.0104 -0.3027 16.8679
 16 688  0.0363 -0.2664 24.6885
 48 688  0.0658 -0.0269 35.4310
 80 688 -0.0390 -0.0153 30.6131
112 688 -0.0264 -0.0197 32.3922
144 688 -0.0710  0.0588 16.3192
176 688 -0.0541  0.0151 18.3240
208 688 -0.0723  0.0009 20.9827
240 688 -0.0172  0.0244 37.6373
272 688 -0.0138  0.0185 44.6167
304 688 -0.0607 -2.5324 57.0502
336 688  0.2391 -3.7851 61.0007
368 688  0.2875 -3.9611 64.3862
400 688  0.0777 -3.8572 74.1956
432 688 -0.0620 -4.0092 82.0891
464 688  0.0612 -3.9592 77.4934
496 688  0.0120 -3.9754 105.6559
528 688 -0.0911 -3.9857 89.9088
560 688 -0.2535 -4.0375 48.8671
592 688 -0.2382 -3.4057 71.4834
624 688 -0.1459 -1.1987 61.9479
656 688 -0.0849 -0.9714 17.7937
688 688 -0.0180  0.7492 11.6317
720 688  3.0337  6.7964 14.2070
752 688 -3.1951 -14.9677 11.2126
784 688 -8.9029 -7.7240 10.6393
816 688  1.4089 -0.3519 13.6604
848 688 -4.9362  0.0713 13.8304
880 688 -1.0307 -0.1131 13.7057
912 688  0.0129 -0.0295 30.0020
944 688  1.9115 -0.2748 14.8980
976 688 -1.0315 -0.9335 22.6217
 16 720 -0.1652 -0.1657 34.3955
 48 720 -0.0931  0.2719 31.6185
 80 720 -0.0024 -0.2029 23.6949
112 720  0.0542  0.0587 16.8491
144 720 -0.0132  0.0396 15.2638
176 720 -0.1640  0.2353 25.6890
208 720 -0.1036  0.0191 24.7418
240 720 -0.0197 -0.0219 36.8680
272 720 -0.0316  0.1621 28.6179
304 720  0.2711 -3.0612 65.3149
336 720  0.1712 -3.6651 77.5390
368 720  0.0879 -3.7515 90.4690
400 720  0.1800 -3.9610 89.5647
432 720  0.0065 -3.8920 92.2711
464 720  0.0017 -4.0288 79.6031
496 720 -0.0078 -3.9717 83.7400
528 720 -0.0022 -3.8441 64.1993
560 720 -0.1116 -3.8353 90.1431
592 720 -0.0277 -3.5443 67.5016
624 720  0.0207 -2.1804 81.0124
656 720 -0.0470 -0.1188 22.0323
688 720 -0.0090  0.8511 11.2427
720 720  0.4827 -3.6268 13.1866
752 720  2.2282  3.7091 14.4987
784 720 -1.9028 -10.0535 14.6277
816 720  3.0392 -2.1508 15.3290
848 720  5.0638  0.4257 14.6364
880 720 -0.0289  4.0385 11.8271
912 720  0.2899  0.0668 14.1061
944 720  0.1685 -0.1047 12.1070
976 720  0.1116  0.1057 11.7239
 16 752  0.0540 -0.0953 31.7787
 48 752 -0.0270 -0.1037 16.1016
 80 752  0.0418 -0.0270 13.8708
112 752  0.0303  0.0942 14.2371
144 752 -0.2142  0.0708 20.1020
176 752  0.0912 -0.0369 18.5847
208 752  0.0749  0.0832 24.3807
240 752  0.0188  0.1274 37.3112
272 752  0.0735 -0.1133 20.6494
304 752  0.2037 -2.6193 55.4190
336 752  0.1951 -3.6642 69.4642
368 752  0.0668 -3.8603 57.2395
400 752  0.0648 -4.0211 97.9591
432 752 -0.0326 -3.7706 86.4654
464 752 -0.0054 -3.8868 48.5715
496 752 -0.0175 -3.9143 91.0452
528 752 -0.0974 -3.8305 91.0270
560 752 -0.0556 -3.6856 70.4304
592 752 -0.2884 -3.4670 49.6262
624 752 -0.1468 -2.2210 67.5721
656 752  0.1294 -0.2386 58.4928
688 752  0.0488  0.7959 11.0523
720 752  0.2224  1.8589 13.6672
752 752 -0.8982  0.7744 17.1696
784 752 -2.4013 10.6293 13.7570
816 752 -5.7625  0.0051 11.3706
848 752 10.8718 -0.8423 12.9584
880 752  0.0988 -1.7503 14.4271
912 752  0.1741  1.1207 17.8730
944 752  1.4880  0.0269 13.9455
976 752  0.4002  0.2257 13.2139
 16 784 -0.0617  0.0989 12.1751
 48 784  0.0464 -0.0517 14.2742
 80 784 -0.0421 -0.1311 16.4632
112 784  0.2097 -0.0308 25.0842
144 784 -0.0094  0.1081 18.7018
176 784 -0.1572  0.0021 17.9799
208 784 -0.0695 -0.1801 23.4182
240 784 -0.0192  0.0986 39.0682
272 784  0.1121 -0.2617 27.7395
304 784  0.4328 -3.0731 73.5175
336 784  0.3057 -3.3575 63.8278
368 784  0.1799 -3.8629 56.0087
400 784  0.1663 -3.9038 75.6168
432 784  0.1863 -3.9102 74.0446
464 784  0.0379 -3.8595 81.9292
496 784 -0.0865 -3.7181 71.1131
528 784 -0.1421 -3.8317 56.1744
560 784 -0.1127 -3.7059 40.7333
592 784 -0.3459 -3.2903 59.7388
624 784 -0.2228 -2.3979 33.3641
656 784 -0.0696 -0.7895 57.3175
688 784  0.0600  0.2833 10.9411
720 784  0.1790  1.4632 11.6599
752 784 -0.2158  4.2872 17.4299
784 784 -7.7788 -1.3911 12.4501
816 784 -3.3785  4.7303 13.0015
848 784 -2.0210 -0.0960 15.2256
880 784  5.1583  0.0000 16.6871
912 784  0.2751  0.1827 20.4907
944 784  2.0135  0.2785 16.6195
976 784  0.2061 -0.1763 13.9287
 16 816 -0.0892 -0.0424 24.1276
 48 816  0.0296 -0.0318 22.8212
 80 816 -0.3458 -0.1382 21.4401
112 816  0.1840 -0.0982 21.8558
144 816  0.2146 -0.0368 32.8887
176 816  0.1933 -0.0121 30.0189
208 816 -0.0333 -0.0031 28.6688
240 816  0.0124 -0.1049 29.2724
272 816 -0.0181 -0.0861 51.1786
304 816  0.3711 -3.1141 68.6180
336 816  0.1123 -3.4135 71.6357
368 816  0.2251 -3.5734 38.2173
400 816  0.2120 -3.7522 64.2293
432 816  0.1229 -3.7901 68.1680
464 816  0.0174 -3.7117 63.8435
496 816  0.0068 -3.7369 84.5885
528 816 -0.0476 -3.7001 70.4375
560 816 -0.2411 -3.5947 60.2019
592 816 -0.0984 -3.1811 66.0119
624 816 -0.0462 -2.8141 59.6827
656 816 -0.0204 -0.2251 49.7302
688 816 -0.1125 -1.6816 11.3483
720 816  0.0177 -3.8672 11.4594
752 816 -6.2371  1.0882 14.3351
784 816 -4.8925  3.9367 13.6795
816 816 -6.9306 -7.2265 14.7515
848 816 -1.8121  1.8558 17.7940
880 816 -2.8642  0.3637 13.3892
912 816  0.0623  0.7340 17.7988
944 816 -7.0362  0.2040 13.3426
976 816  0.8564 -2.1175 15.6395
 16 848 -0.1538  0.3924 25.8623
 48 848 -0.0338  0.0514 22.5745
 80 848  0.0997  0.0399 19.1657
112 848  0.0408  0.0651 38.4688
144 848  0.2909 -0.1693 29.6470
176 848  0.1501 -0.0866 35.9004
208 848  0.0529 -0.1756 32.3073
240 848  0.0616 -0.1872 21.8935
272 848 -0.0735 -0.0991 77.9390
304 848  0.1871 -2.7231 55.4332
336 848  0.0714 -3.5101 63.9991
368 848  0.1717 -3.5794 45.5592
400 848  0.1253 -3.5455 58.1329
432 848  0.0655 -3.6981 65.4542
464 848  0.0728 -3.3587 63.9281
496 848  0.0062 -3.5449 60.5352
528 848 -0.0605 -3.5062 58.6077
560 848 -0.1464 -3.6910 76.4427
592 848 -0.2944 -3.4209 77.4718
624 848 -0.2833 -2.3579 54.6211
656 848 -0.0939 -0.8525 65.3569
688 848 -0.0399 -0.7326 34.8484
720 848 -0.0116 -1.4375 10.9262
752 848  2.1425 14.7262 11.7999
784 848 -3.3195  7.2867 12.7820
816 848 -3.8390 -3.9935 16.7951
848 848  1.0908 -5.9118 17.8950
880 848  0.8963  0.0950 16.4644
912 848  5.8770  1.3252 13.5888
944 848 -0.2075  2.2687 15.6607
976 848 -2.0057  2.1794 17.6566
 16 880 -0.0142 -0.3176 21.2782
 48 880  0.1408  0.1401 21.1863
 80 880  0.0308  0.0693 27.3674
112 880 -0.0762 -0.1101 28.5435
144 880  0.0229 -0.0351 35.2394
176 880  0.1072 -0.0634 44.4065
208 880  0.1254  0.0759 28.9846
240 880  0.0689 -0.0346 21.2186
272 880  0.2405 -0.7202 50.5556
304 880  0.1656 -2.7894 50.2131
336 880  0.1805 -3.2156 64.1561
368 880  0.0587 -3.5227 71.7137
400 880  0.0623 -3.4825 49.2297
432 880  0.0657 -3.4427 33.6477
464 880 -0.0782 -3.5575 57.5035
496 880 -0.0584 -3.5354 69.2442
528 880 -0.0127 -3.4633 66.2493
560 880 -0.1654 -3.5238 67.9695
592 880 -0.2074 -3.2581 74.8353
624 880 -0.2121 -2.6550 46.0381
656 880 -0.0929 -0.4077 71.3161
688 880 -0.0141 -0.8327 13.1014
720 880 -0.0008  0.6932 12.3045
752 880  1.3398  0.0000 12.6634
784 880  4.0517  7.4360 14.9577
816 880  2.1833  4.7061 14.5453
848 880 -0.4115 -2.4245 15.2139
880 880  8.1916 -2.7883 16.2729
912 880  4.1446  0.0980 14.2189
944 880 -3.2747  1.3023 12.8430
976 880 -0.0337  1.9314 27.3018
 16 912  0.0884  0.2846 16.0296
 48 912 -0.0308 -0.1140 14.4273
 80 912  0.0754  0.2980 21.6819
112 912 -0.0422  0.2039 20.5886
144 912 -0.0700 -0.0008 58.5102
176 912  0.0576 -0.0373 58.5444
208 912  0.0769 -0.0632 32.8667
240 912 -0.0149 -0.0408 21.1896
272 912 -0.0815 -0.5837 44.5150
304 912  0.2972 -2.8217 64.6426
336 912  0.1326 -3.2314 59.2385
368 912  0.0780 -3.3465 57.7238
400 912  0.1462 -3.3957 67.4030
432 912  0.0882 -3.5796 27.0470
464 912 -0.0106 -3.4407 45.1053
496 912 -0.0725  0.0000 38.3012
528 912 -0.0739 -3.4749 63.0653
560 912 -0.1836 -3.4765 69.9609
592 912 -0.1010 -3.2121 68.3166
624 912 -0.0419 -3.0421 55.9249
656 912 -0.0963 -0.4390 50.3909
688 912 -0.3700 -1.3301 23.4532
720 912 -0.0033  0.0849 13.6564
752 912 -0.2897  0.0588 15.8233
784 912  0.0205  0.0126 27.6788
816 912 -0.0764  0.2022 22.4716
848 912  6.1589  1.0661 20.2035
880 912  3.7279  0.0000 13.6757
912 912  4.8855 -0.1847 13.9788
944 912  0.9984  0.4627 17.2308
976 912 -5.1867  0.3246 15.4948
 16 944 -0.0949 -0.1003 17.3591
 48 944 -0.0870 -0.0159 16.0993
 80 944 -0.2184 -0.0270 21.7012
112 944  0.0235 -0.1128 39.1740
144 944 -0.1450  0.1121 44.6532
176 944 -0.0744  0.0336 42.5612
208 944 -0.0287 -0.0841 25.1308
240 944 -0.0533  0.1437 29.4565
272 944 -0.0086  0.0000 68.6674
304 944  0.0277 -2.7923 47.6131
336 944  0.0469 -3.1321 63.2320
368 944  0.0896  0.0000 46.0819
400 944  0.1567 -3.4786 82.1538
432 944  0.1491 -3.4021 69.4893
464 944  0.2496 -3.5629 65.2526
496 944 -0.0142 -3.4054 49.3312
528 944 -0.0976 -3.3419 50.9938
560 944 -0.1973 -3.2336 59.1989
592 944 -0.1209 -3.3314 71.7240
624 944 -0.1667 -2.7803 55.4131
656 944 -0.1222 -1.4467 49.9970
688 944  0.0037  0.0926 63.2390
720 944  0.0138 -0.0419 13.4064
752 944 -0.8217 -3.0907 17.1698
784 944 -0.3569 -1.7396 16.6192
816 944  0.1520 -0.3240 16.3761
848 944 -0.0316  0.0982 69.6589
880 944  0.0254  0.2457 46.2544
912 944  0.2047  0.0962 16.8928
944 944 -0.6541  0.8906 16.5821
976 944 -0.2563  0.8754 15.8681
 16 976  0.2420  0.0738 17.7707
 48 976 -0.0015  0.2359 17.6056
 80 976 -0.0730 -0.0442 15.8793
112 976  0.0432  0.1578 16.2742
144 976  0.1530 -0.0289 25.0907
176 976 -0.0476 -0.0521 45.6694
208 976  0.1439 -0.0696 37.9609
240 976  0.0117  0.0928 19.7306
272 976  0.3365 -1.7090 67.7512
304 976  0.1626 -2.6568 76.2124
336 976  0.2334 -3.0697 60.5156
368 976  0.1701 -3.0286 31.8219
400 976  0.0905 -3.1732 55.1884
432 976  0.0284 -3.3004 40.7765
464 976 -0.0612 -3.2324 73.0005
496 976  0.1133 -2.9958 76.0453
528 976 -0.1513 -3.2589 57.4702
560 976 -0.1939 -2.9883 58.5683
592 976 -0.2515 -3.2030 61.9407
624 976 -0.2559 -2.6918 60.4909
656 976 -0.2292 -1.0827 44.6049
688 976  1.0751  2.0249 21.7761
720 976  0.0509  0.0604 12.2780
752 976 -2.3096 -3.7848 14.5150
784 976 -1.4124  0.0000 14.8354
816 976 -0.3054 -3.8537 17.6216
848 976 -0.0195  4.3497 18.6171
880 976  0.0205  2.4629 19.8619
912 976 -0.1291  0.9367 13.6519
944 976 -0.5803  0.2347 15.7643
976 976  0.1531  0.1669 23.1294
 16 1008 -0.0044  0.0044 14.9044
 48 1008 -0.0206  0.0110 14.6780
 80 1008 -0.0116  0.0005 14.3822
112 1008  0.0014 -0.0068 14.3635
144 1008 -0.0118 -0.0017 14.1420
176 1008  0.0195  0.0097 14.6305
208 1008 -0.0053 -0.0023 14.8314
240 1008  0.0178  0.0116 17.7869
272 1008  0.4150 -1.0036 16.0178
304 1008  0.7205 -0.2973 12.9872
336 1008 -0.1247  0.0610 13.0346
368 1008  0.1343 -2.5942 17.8030
400 1008  0.2825 -0.2307 14.9598
432 1008  0.1320 -2.7412 20.2096
464 1008  0.1467 -0.2111 15.4133
496 1008  0.0098 -0.0353 14.7699
528 1008 -0.0984 -2.5819 17.2805
560 1008 -0.6528 -0.0931 14.4626
592 1008 -0.4897 -2.3425 26.1378
624 1008 -0.1233 -2.6202 18.4265
656 1008 -0.1527 -0.7101 19.8384
688 1008  0.0051 -0.0094 18.4500
720 1008  0.0084 -0.0063 18.6341
752 1008  0.0031 -0.0159 14.6912
784 1008 -0.0052 -0.0043 14.5360
816 1008  0.0056 -0.0118 14.7115
848 1008  0.0282  0.0031 14.6379
880 1008  0.0231  0.0026 14.7579
912 1008 -0.0270  0.0365 16.8809
944 1008 -0.0163 -0.0002 21.3311
976 1008 -0.0023 -0.0078 19.7430
