 32  32  0.0000  0.0000 30.0604
 64  32  0.0000  0.0000 32.6343
 96  32  0.0000  0.0000 31.5441
128  32  0.2352 -0.3916 27.7444
160  32  0.1530 -0.0550 18.2125
192  32  0.0433  0.1382 26.9455
224  32  0.0377  0.8222 25.9913
256  32  0.0000  0.0000 13.5064
288  32 -0.1663  2.8429 25.4803
320  32 -0.1379  2.9395 27.6652
352  32 -0.0869  2.8875 36.9962
384  32 -0.0912  2.8478 34.9526
416  32 -0.0901  2.8703 30.5493
448  32 -0.0379  2.8073 30.5999
480  32  0.0788  2.8193 28.3787
512  32  0.1205  2.8751 29.3117
544  32  0.0744  2.8299 28.5964
576  32  0.0056  2.9077 31.2095
608  32 -0.0043  3.0080 28.6108
640  32 -0.0544  3.0262 31.5282
672  32 -0.0919  2.9124 40.6850
704  32 -0.0921  2.5221 19.6788
736  32  0.0578  1.7617 19.9945
768  32  0.0000  0.0000 14.9743
800  32 -0.2302  0.1572 25.3066
832  32 -0.1129 -0.0783 30.8714
864  32 -0.0769 -0.2322 44.3214
896  32  0.0564 -0.2833 42.2577
928  32  0.1058 -0.0486 49.3927
960  32 -0.0002 -0.0009 40.8496
 32  64  0.0000  0.0000  5.0642
 64  64  0.0000  0.0000  7.5068
 96  64  0.0409  0.1378 24.4643
128  64  0.0000  0.0000 16.6385
160  64  0.0000  0.0000 16.7379
192  64  0.2054  0.5670 19.9607
224  64  0.0116  1.3308 22.2596
256  64 -0.0276  1.8721 25.0417
288  64 -0.1549  2.7986 27.0796
320  64 -0.1155  2.8789 40.0935
352  64 -0.0752  2.9373 50.3325
384  64 -0.1074  2.9371 56.0403
416  64 -0.1274  2.7615 43.4169
448  64 -0.0291  2.7944 40.4817
480  64  0.1231  2.9512 39.5951
512  64  0.1751  2.9332 36.2652
544  64  0.1190  2.9366 46.7581
576  64  0.0420  3.0185 44.3398
608  64 -0.0126  3.0554 46.5358
640  64 -0.0850  3.0393 54.3254
672  64 -0.0750  2.9619 45.3378
704  64  0.0000  0.0000 16.8647
736  64  0.0591  1.6348 18.4022
768  64  0.0000  0.0000 12.2893
800  64 -0.2590  0.3290 20.5131
832  64 -0.2024  0.1242 17.9485
864  64 -0.1023  0.0948 61.6267
896  64 -0.0741  0.0489 35.7013
928  64 -0.0538  0.0689 31.1480
960  64  0.0000  0.0000  9.2135
 32  96  0.0000  0.0000  4.9385
 64  96  0.0000  0.0000 15.9954
 96  96  0.0238  0.1368 19.1198
128  96  0.1018  0.2150 39.3898
160  96  0.2515  0.3946 28.8473
192  96  0.0000  0.0000 13.2514
224  96  0.0713  1.5330 30.3465
256  96 -0.0203  1.8676 29.1840
288  96 -0.0412  2.7663 19.5068
320  96 -0.0705  2.9248 33.1344
352  96 -0.0727  2.9600 46.0691
384  96 -0.1078  2.8965 45.3883
416  96 -0.1609  2.7136 41.8777
448  96 -0.0787  2.7570 43.0514
480  96  0.0328  2.8695 45.4945
512  96  0.1046  2.9365 40.0530
544  96  0.0988  2.9407 44.8675
576  96  0.0581  2.9506 41.2170
608  96 -0.0042  2.9670 37.9937
640  96 -0.0071  3.0629 47.8667
672  96 -0.0197  3.0515 44.1202
704  96 -0.0302  2.6356 19.5842
736  96  0.0000  0.0000 16.1280
768  96  0.0000  0.0000 13.1937
800  96 -0.4390  0.1229 22.5755
832  96  0.0000  0.0000 13.2381
864  96 -0.2065  0.0471 17.5537
896  96 -0.0699  0.0346 31.5396
928  96 -0.0493  0.0463 37.4877
960  96  0.0000  0.0000 18.5305
 32 128  0.0000  0.0000  5.4134
 64 128  0.0000  0.0000 12.2401
 96 128  0.0676  0.0683 22.4406
128 128 -0.1681  0.1828 25.8447
160 128 -0.1730  0.5783 22.9753
192 128 -0.0661  1.0503 29.7111
224 128  0.1454  1.6755 37.0004
256 128  0.1187  1.9157 29.8061
288 128  0.0030  2.6239 27.2413
320 128 -0.0992  3.0027 40.5652
352 128 -0.0825  2.9797 44.7838
384 128 -0.0870  2.8740 43.1441
416 128 -0.1669  2.8251 38.2186
448 128 -0.0377  2.8265 41.5396
480 128  0.0291  2.8268 41.8675
512 128  0.0430  2.8866 42.2913
544 128  0.0644  2.9670 44.7151
576 128 -0.0099  2.9275 39.5195
608 128 -0.0378  2.8873 44.4386
640 128 -0.0461  3.0299 44.4291
672 128 -0.0778  3.0238 44.4262
704 128 -0.0501  2.4793 24.3254
736 128  0.0000  0.0000 13.5728
768 128 -0.2854  0.6473 24.2129
800 128 -0.3478  0.1021 30.8588
832 128  0.0000  0.0000 15.6463
864 128  0.0000  0.0000  7.0947
896 128  0.0000  0.0000  4.5474
928 128  0.0000  0.0000  9.9904
960 128  0.0000  0.0000 17.3648
 32 160  0.0000  0.0000 12.2816
 64 160  0.1238  0.0241 19.6881
 96 160  0.0000  0.0000 12.8700
128 160 -0.2168  0.0438 21.9424
160 160 -0.1636  0.6381 23.4431
192 160 -0.0672  0.9801 33.5594
224 160  0.0594  1.6135 34.7780
256 160  0.0582  1.9854 26.7157
288 160 -0.0603  2.7229 23.0263
320 160 -0.1790  3.0163 44.3716
352 160 -0.1807  2.9625 40.3752
384 160 -0.1763  2.8143 39.9528
416 160 -0.2142  2.7824 35.4703
448 160 -0.0714  2.8555 32.8946
480 160 -0.0001  2.8902 35.0940
512 160 -0.0330  2.8608 39.5640
544 160 -0.1103  2.8937 45.4969
576 160 -0.1110  2.9020 42.4062
608 160 -0.0522  2.9216 44.5029
640 160 -0.1024  2.9983 47.3626
672 160 -0.1211  2.9196 39.5695
704 160  0.0000  0.0000 14.6975
736 160 -0.2014  1.6794 27.4852
768 160 -0.0435  0.7242 26.7728
800 160 -0.0771  0.3157 18.7318
832 160  0.0118  0.2573 18.4468
864 160  0.0000  0.0000 13.6909
896 160  0.0454 -0.0979 37.3802
928 160  0.0000  0.0000  4.8653
960 160  0.0000  0.0000  8.1216
 32 192  0.0000  0.0000 13.0357
 64 192 -0.0269  0.0448 21.3593
 96 192  0.0000  0.0000 10.0833
128 192 -0.1684  0.1988 21.1917
160 192 -0.2780  0.8307 26.0206
192 192 -0.1903  0.9918 29.7590
224 192 -0.1434  1.6791 28.9357
256 192 -0.1230  2.1032 26.5734
288 192 -0.2668  2.7200 26.4918
320 192 -0.2511  2.8971 47.8669
352 192 -0.1165  2.8747 45.8101
384 192 -0.1143  2.7370 39.0067
416 192 -0.2078  2.7323 30.4213
448 192 -0.1555  2.8138 35.4772
480 192 -0.0734  2.9232 41.8215
512 192 -0.0757  2.9263 46.0827
544 192 -0.1642  2.8966 50.2858
576 192 -0.1494  2.8931 49.4852
608 192 -0.1309  2.9415 46.6243
640 192 -0.1748  2.9423 44.1875
672 192 -0.1425  2.7904 21.1423
704 192 -0.1082  2.3180 19.5707
736 192 -0.0300  1.6857 39.3376
768 192  0.0830  1.0029 42.7562
800 192  0.1428  0.7313 17.4955
832 192  0.4732  0.6586 32.4922
864 192  0.0000  0.0000 15.3799
896 192  0.2437  0.0402 26.9233
928 192  0.0000  0.0000  5.1072
960 192  0.0000  0.0000 11.4184
 32 224  0.0000  0.0000  5.5243
 64 224  0.0000  0.0000  9.6044
 96 224  0.0000  0.0000 11.6941
128 224  0.0000  0.0000 13.3794
160 224 -0.2684  0.8167 19.5469
192 224 -0.3856  1.0650 27.0263
224 224 -0.3225  1.7461 29.5195
256 224 -0.1240  2.0741 37.1532
288 224 -0.1942  2.4549 34.2261
320 224 -0.3095  2.6854 41.6379
352 224 -0.1588  2.7328 47.2495
384 224 -0.0806  2.7295 47.8843
416 224 -0.0806  2.7704 42.6034
448 224 -0.0206  2.7621 37.8529
480 224 -0.0121  2.8609 44.7584
512 224 -0.0549  2.9192 48.0030
544 224 -0.1114  2.8644 49.0876
576 224 -0.1339  2.8530 49.2532
608 224 -0.1574  2.9367 46.5856
640 224 -0.1119  2.9214 45.3649
672 224  0.0000  0.0000 12.7302
704 224 -0.1219  2.0871 36.9153
736 224 -0.0095  1.5494 35.6999
768 224  0.0363  1.0031 41.9135
800 224  0.1447  0.8068 31.2420
832 224  0.3203  0.6873 32.2925
864 224  0.0000  0.0000 12.5035
896 224  0.2464  0.0793 38.1078
928 224  0.0000  0.0000  6.2891
960 224  0.0000  0.0000 12.1088
 32 256  0.0000  0.0000  5.0976
 64 256  0.0000  0.0000 10.8624
 96 256  0.0000  0.0000 12.7505
128 256  0.0000  0.0000 14.1620
160 256  0.0000  0.0000 15.9636
192 256 -0.1912  0.9908 25.5128
224 256 -0.3769  1.7203 30.7507
256 256 -0.4478  2.0238 34.2046
288 256 -0.3190  2.2066 34.0070
320 256 -0.2799  2.4893 34.0274
352 256 -0.2252  2.5761 36.6292
384 256 -0.1347  2.6920 38.7600
416 256 -0.0594  2.7578 38.0731
448 256 -0.0171  2.7212 31.8498
480 256 -0.0736  2.7968 41.7748
512 256 -0.0576  2.8252 42.6708
544 256 -0.0044  2.8303 44.5211
576 256  0.0462  2.9005 47.8617
608 256  0.0477  2.8688 42.3082
640 256  0.0283  2.7915 39.0232
672 256  0.0735  2.7582 18.5537
704 256  0.0817  2.0453 20.6260
736 256  0.1199  1.5481 23.5361
768 256  0.0473  1.0517 20.4077
800 256  0.0957  0.7273 31.5619
832 256  0.0000  0.0000 15.5977
864 256 -0.0122  0.5676 17.3057
896 256  0.0869  0.0455 38.5955
928 256  0.0000  0.0000  7.0986
960 256  0.0000  0.0000  8.0987
 32 288  0.0000  0.0000  5.3357
 64 288 -0.2954  0.0686 19.9288
 96 288  0.0000  0.0000 11.9807
128 288  0.0730  0.6565 22.5319
160 288  0.0000  0.0000 16.6464
192 288 -0.1752  1.0734 23.7097
224 288 -0.6298  1.7361 28.7814
256 288 -0.8404  1.9766 29.1958
288 288 -0.7041  2.1648 29.2379
320 288 -0.4500  2.1288 31.0208
352 288 -0.3036  2.3116 34.1856
384 288 -0.2137  2.6771 34.4694
416 288 -0.1000  2.6703 32.9320
448 288 -0.0457  2.4066 35.7612
480 288  0.0166  2.4849 37.4582
512 288 -0.0244  2.6068 40.0610
544 288 -0.0248  2.7819 38.1741
576 288  0.0362  2.9626 32.0857
608 288  0.0922  2.8596 34.8426
640 288  0.0538  2.6424 43.5613
672 288  0.1766  2.4639 38.0555
704 288  0.1250  2.1577 30.6103
736 288  0.1085  1.8050 30.8070
768 288  0.0000  0.0000 14.8256
800 288  0.2350  0.7401 25.6574
832 288  0.0854  0.2875 26.7107
864 288  0.0333  0.2197 28.2934
896 288  0.0000  0.0000  5.1356
928 288  0.0000  0.0000 15.7179
960 288  0.0000  0.0000 12.6954
 32 320  0.0000  0.0000 11.7130
 64 320  0.0000  0.0000 13.4741
 96 320 -0.1283  0.3052 17.4303
128 320 -0.1654  0.8430 26.2214
160 320  0.0000  0.0000 14.8557
192 320 -0.5856  1.6939 28.4740
224 320 -0.6277  1.8750 27.5678
256 320 -0.7264  2.0309 26.5680
288 320 -0.7256  2.1651 28.9865
320 320 -0.6230  2.2202 39.3571
352 320 -0.3677  2.4133 37.2154
384 320 -0.2015  2.7326 43.7638
416 320 -0.0916  2.6176 33.5929
448 320  0.0156  2.2694 37.3507
480 320 -0.0092  2.3360 40.0726
512 320  0.0455  2.4943 40.8043
544 320 -0.0018  2.7683 43.1152
576 320  0.0009  2.9500 33.2424
608 320  0.0102  2.8429 31.8629
640 320  0.0091  2.6461 44.5767
672 320  0.1433  2.3850 42.8854
704 320  0.1128  2.1866 39.9099
736 320  0.2039  1.9309 29.8502
768 320  0.3372  1.2936 18.3716
800 320  0.2732  0.7685 22.7544
832 320  0.0768  0.2869 26.4736
864 320  0.0628  0.2453 24.4576
896 320  0.0000  0.0000 12.8558
928 320  0.0000  0.0000 15.2641
960 320  0.0000  0.0000 12.5253
 32 352  0.0000  0.0000 11.1413
 64 352 -0.1700  0.0866 18.0545
 96 352  0.0000  0.0000 11.5193
128 352 -0.1512  0.9205 24.6071
160 352 -0.4008  1.2131 23.1395
192 352 -0.5030  1.7911 24.9155
224 352 -0.5827  2.0299 27.0168
256 352 -0.7560  2.1957 32.0950
288 352 -0.7199  2.2279 33.3324
320 352 -0.5364  2.2880 35.0444
352 352 -0.2805  2.6212 43.8858
384 352 -0.1259  2.7947 39.1961
416 352 -0.0595  2.6381 37.6236
448 352  0.0380  2.3996 39.2648
480 352 -0.0303  2.3439 38.2089
512 352  0.0123  2.3996 35.3097
544 352  0.0881  2.7692 38.6267
576 352  0.0882  2.8946 43.7722
608 352  0.0199  2.8041 36.8928
640 352 -0.0520  2.5995 40.6154
672 352  0.0566  2.3648 39.9859
704 352  0.0603  2.0958 34.2107
736 352  0.2281  1.8579 18.0672
768 352  0.1983  1.1554 17.4109
800 352 -0.0104  0.7246 33.0423
832 352  0.0000  0.0000 13.1690
864 352  0.0467  0.2456 38.2309
896 352  0.0000  0.0000 13.1130
928 352  0.0000  0.0000  8.5169
960 352  0.0000  0.0000  8.7309
 32 384  0.0000  0.0000  5.3061
 64 384 -0.1318  0.1359 18.1726
 96 384  0.0469  0.2731 17.2068
128 384  0.0000  0.0000  9.9149
160 384  0.0000  0.0000 15.0048
192 384 -0.2528  1.9016 20.4478
224 384 -0.6170  2.1862 27.2122
256 384 -0.7488  2.4728 33.2448
288 384 -0.5749  2.4227 22.9503
320 384 -0.4332  2.3991 25.2729
352 384 -0.2363  2.6503 35.9792
384 384 -0.1469  2.7977 39.9967
416 384 -0.1358  2.7490 48.5964
448 384 -0.1216  2.6246 47.3989
480 384 -0.0198  2.3983 41.3562
512 384  0.0315  2.4128 32.9372
544 384 -0.0904  2.7164 38.7064
576 384 -0.0050  2.8150 44.1914
608 384  0.0240  2.8065 43.3214
640 384 -0.0586  2.5608 41.4540
672 384 -0.0048  2.3457 45.1503
704 384  0.0181  2.1171 18.9419
736 384  0.0000  0.0000 13.1434
768 384 -0.0734  0.8781 30.0828
800 384 -0.1138  0.6493 22.0091
832 384  0.0000  0.0000 16.5855
864 384 -0.0626  0.3078 18.7449
896 384  0.0000  0.0000 10.2715
928 384  0.0000  0.0000 11.3749
960 384  0.0000  0.0000  8.1302
 32 416  0.0000  0.0000  5.3971
 64 416  0.0714  0.0625 24.8594
 96 416  0.0547  0.0924 24.4613
128 416  0.0000  0.0000 14.8790
160 416  0.0000  0.0000 12.5237
192 416 -0.2067  1.8230 27.3663
224 416 -0.4726  2.1564 17.6445
256 416 -0.5037  2.3607 32.6703
288 416 -0.3194  2.6045 23.6463
320 416 -0.3051  2.6465 21.4244
352 416 -0.3108  2.8308 20.4663
384 416 -0.2145  2.8587 45.0660
416 416 -0.1835  2.8181 50.4140
448 416 -0.1696  2.7471 49.7988
480 416 -0.1085  2.5902 42.1002
512 416 -0.1436  2.5782 38.2525
544 416 -0.1815  2.7080 41.4408
576 416 -0.1210  2.8054 50.8154
608 416 -0.0645  2.7743 49.3151
640 416  0.0056  2.4788 45.4890
672 416  0.0652  2.3166 36.6328
704 416  0.0000  0.0000 15.3110
736 416  0.0039  1.5520 20.7781
768 416 -0.2092  0.8912 38.8180
800 416 -0.3028  0.6309 17.1371
832 416 -0.0942  0.2060 29.1987
864 416 -0.1584  0.0937 27.0006
896 416 -0.1189  0.0346 35.5017
928 416  0.0000  0.0000  9.0308
960 416  0.0000  0.0000  6.9517
 32 448  0.0000  0.0000  5.3932
 64 448  0.0000  0.0000 14.7321
 96 448  0.0057  0.1403 19.6283
128 448  0.0000  0.0000 16.7060
160 448  0.0000  0.0000 15.0165
192 448 -0.0591  1.5645 29.8998
224 448 -0.0447  2.0504 19.7205
256 448 -0.0485  2.2330 22.9524
288 448 -0.2452  2.6130 33.8151
320 448 -0.3178  2.7490 26.1658
352 448 -0.3906  2.8719 31.5435
384 448 -0.3357  2.8209 39.8871
416 448 -0.1945  2.8142 44.1381
448 448 -0.0395  2.8600 52.9128
480 448 -0.0551  2.7690 42.5494
512 448 -0.1337  2.7078 45.6738
544 448 -0.1747  2.7642 38.9842
576 448 -0.1972  2.7749 49.9256
608 448 -0.1490  2.6816 51.2781
640 448 -0.0734  2.5448 34.5736
672 448  0.0000  0.0000 16.6823
704 448  0.0000  0.0000 14.5027
736 448  0.0000  0.0000 14.9944
768 448 -0.4928  0.8064 40.9142
800 448 -0.4529  0.7370 36.2740
832 448 -0.2294  0.2591 31.8938
864 448 -0.2600  0.0802 35.3331
896 448 -0.1352  0.0366 22.8227
928 448  0.0000  0.0000  6.8766
960 448  0.0000  0.0000  7.4877
 32 480  0.0000  0.0000  5.8424
 64 480  0.0000  0.0000 15.0501
 96 480  0.0000  0.0000 16.9103
128 480  0.0222  0.2386 31.0361
160 480  0.0000  0.0000 15.1762
192 480  0.1887  1.2248 25.3947
224 480  0.3136  1.7090 33.7533
256 480  0.0000  0.0000 14.8637
288 480 -0.1193  2.6244 32.1869
320 480 -0.2394  2.7547 42.3616
352 480 -0.3733  2.7744 40.9325
384 480 -0.4286  2.7326 43.7905
416 480 -0.2030  2.7930 50.3813
448 480 -0.0074  2.9446 51.4392
480 480 -0.0331  2.9186 45.6553
512 480 -0.0588  2.7572 44.5537
544 480 -0.1231  2.7845 47.9336
576 480 -0.2146  2.7826 47.1541
608 480 -0.2376  2.6581 32.0506
640 480 -0.1850  2.5249 27.1149
672 480 -0.1348  2.3482 27.7273
704 480 -0.1789  1.9028 29.2501
736 480  0.0000  0.0000 12.5824
768 480 -0.7219  0.7315 49.6254
800 480 -0.5317  0.6989 47.7952
832 480 -0.2422  0.3206 36.9314
864 480 -0.2424  0.1685 40.3062
896 480 -0.1573  0.1008 17.3574
928 480 -0.1805 -0.0064 23.8309
960 480  0.0000  0.0000  7.6272
 32 512  0.0000  0.0000  5.7568
 64 512  0.0857 -0.0424 30.3450
 96 512  0.0780  0.1478 19.6924
128 512  0.0767  0.2245 45.3679
160 512  0.0133  0.4741 29.6958
192 512  0.2923  1.0376 20.2048
224 512  0.4618  1.4147 32.8523
256 512  0.1744  1.8843 24.8626
288 512  0.0000  0.0000 16.8485
320 512 -0.1506  2.8404 35.5908
352 512 -0.2888  2.8439 24.6974
384 512 -0.3321  2.8779 37.6858
416 512 -0.1496  2.8820 49.6333
448 512 -0.0540  2.9966 52.0308
480 512 -0.1060  2.9832 43.0800
512 512 -0.1443  2.8539 47.7495
544 512 -0.1524  2.8525 53.1364
576 512 -0.1544  2.8989 53.8468
608 512 -0.1367  2.7544 27.8508
640 512 -0.2806  2.2387 36.2904
672 512 -0.1611  2.1083 38.5081
704 512 -0.0628  1.9815 33.0754
736 512 -0.1473  1.5724 22.9776
768 512 -0.4794  0.8220 18.3051
800 512 -0.4021  0.3547 24.3462
832 512 -0.2017  0.3686 38.4743
864 512 -0.1807  0.1626 61.2134
896 512 -0.1647  0.0428 21.8492
928 512 -0.1268 -0.0164 28.4359
960 512  0.0000  0.0000  7.2912
 32 544  0.0000  0.0000  5.5610
 64 544  0.0765 -0.0249 45.3113
 96 544  0.1086  0.1292 21.9155
128 544  0.0541  0.2086 29.3708
160 544  0.0035  0.4322 32.8704
192 544  0.0813  1.0455 33.2151
224 544  0.1279  1.4456 33.5550
256 544  0.1284  1.9645 33.8958
288 544  0.0000  0.0000 16.2610
320 544 -0.2013  2.7274 32.6988
352 544 -0.2977  2.8458 37.5923
384 544 -0.3582  2.9982 36.2832
416 544 -0.2464  2.9795 43.9117
448 544 -0.1489  2.9251 45.3902
480 544 -0.1170  2.8615 43.3032
512 544 -0.1640  2.8492 42.3146
544 544 -0.1834  2.8864 47.7640
576 544 -0.1222  2.9364 52.3983
608 544  0.0300  2.9476 27.7854
640 544  0.1963  2.6816 22.2097
672 544  0.1602  2.0865 42.6504
704 544  0.2477  2.0564 37.0170
736 544  0.3660  1.8712 38.6388
768 544 -0.2521  1.0147 28.5729
800 544 -0.3001  0.3122 28.7786
832 544 -0.1497  0.2651 29.4920
864 544 -0.0915  0.1451 56.9141
896 544 -0.1192  0.0521 22.2690
928 544 -0.1242  0.0191 24.3619
960 544  0.0000  0.0000 13.2448
 32 576  0.0000  0.0000  5.2408
 64 576  0.0162 -0.0589 23.9114
 96 576  0.0000  0.0000 10.9841
128 576  0.0736  0.2944 25.4870
160 576  0.0474  0.4516 34.1955
192 576  0.0251  1.0491 27.8958
224 576  0.0046  1.5099 33.3019
256 576  0.1783  2.0240 34.3360
288 576  0.1318  2.4522 26.6671
320 576 -0.1731  2.6594 30.0813
352 576 -0.2177  2.8549 43.2826
384 576 -0.2269  2.9370 42.7522
416 576 -0.2122  2.9545 43.1379
448 576 -0.1017  2.9251 48.0788
480 576 -0.0155  2.8986 51.4397
512 576 -0.0826  2.9259 49.1036
544 576 -0.0947  2.8801 49.4278
576 576 -0.0368  2.8813 50.8823
608 576  0.0353  2.8853 46.3731
640 576  0.1419  2.6854 17.6198
672 576  0.3314  2.0937 38.8682
704 576  0.4091  2.0904 45.2956
736 576  0.5167  2.0547 35.4337
768 576  0.2245  1.6279 22.8905
800 576 -0.2521  0.5941 28.3610
832 576 -0.0265  0.3176 32.3088
864 576  0.0103  0.1259 44.3350
896 576 -0.0434  0.0612 27.3768
928 576  0.0328  0.0527 18.1192
960 576  0.1106 -0.0025 25.5823
 32 608  0.0000  0.0000  5.3697
 64 608  0.0240 -0.0492 21.5166
 96 608  0.0000  0.0000 10.1107
128 608  0.0020  0.3164 24.8312
160 608  0.0430  0.3029 23.6896
192 608  0.1012  0.6849 27.0373
224 608  0.1765  1.2417 32.6757
256 608  0.1595  1.8160 36.6328
288 608  0.0628  2.6255 40.8500
320 608 -0.1741  2.8143 29.0814
352 608 -0.2509  2.8878 41.4715
384 608 -0.2244  2.8100 48.9694
416 608 -0.2751  2.8780 45.9467
448 608 -0.2148  2.9540 46.1968
480 608 -0.0914  2.9309 44.2745
512 608 -0.0508  2.9368 49.1514
544 608 -0.0513  2.8843 54.8688
576 608  0.0152  2.8745 50.9654
608 608  0.0420  2.8867 45.8676
640 608  0.0259  2.7665 20.1226
672 608  0.2668  2.1562 27.4616
704 608  0.2336  2.1398 39.2139
736 608  0.2119  2.0085 24.5091
768 608  0.1498  1.3495 22.5783
800 608 -0.0043  0.9270 29.0016
832 608  0.0097  0.4696 41.5231
864 608 -0.0039  0.1521 50.9124
896 608 -0.0287  0.0775 26.3884
928 608  0.0000  0.0000 13.2598
960 608  0.1691  0.0242 19.8807
 32 640  0.0000  0.0000  5.5711
 64 640  0.0000  0.0000 12.9871
 96 640  0.0000  0.0000 11.5821
128 640  0.0000  0.0000 15.3865
160 640  0.0336  0.5695 30.9300
192 640  0.1286  0.7832 27.8599
224 640  0.1569  1.0172 37.1724
256 640  0.0621  1.8119 36.3855
288 640 -0.0365  2.5664 36.7958
320 640 -0.2229  2.8555 39.5867
352 640 -0.2920  2.8985 42.4918
384 640 -0.2663  2.8172 36.0270
416 640 -0.3190  2.8764 39.2113
448 640 -0.1708  2.9390 49.6295
480 640 -0.0818  2.8911 49.5802
512 640 -0.0017  2.8907 50.0010
544 640 -0.0189  2.8970 53.7066
576 640  0.0547  2.8579 47.8426
608 640  0.0863  2.8541 43.2074
640 640  0.0297  2.8322 25.1189
672 640  0.1299  2.6389 21.7870
704 640  0.1694  2.2361 31.7085
736 640  0.0726  1.7680 23.6947
768 640  0.0611  1.1270 33.1287
800 640  0.0782  1.0755 34.0386
832 640 -0.1547  0.5056 35.8143
864 640 -0.0660  0.2144 58.8913
896 640 -0.0360  0.1402 17.3091
928 640  0.0200  0.0593 22.7378
960 640  0.0000  0.0000  6.9222
 32 672  0.0224  0.0803 18.2539
 64 672  0.0061  0.0835 23.7527
 96 672  0.0023  0.1225 22.8300
128 672  0.0175  0.6041 19.3867
160 672  0.0153  0.8232 38.1573
192 672  0.1377  0.8813 29.0369
224 672  0.3543  0.9915 31.7808
256 672  0.1214  1.8852 26.9874
288 672  0.0904  2.4102 31.1435
320 672 -0.1054  2.8065 35.5253
352 672 -0.1391  2.9325 42.8656
384 672 -0.1651  2.8414 32.4459
416 672 -0.1406  2.7685 34.6256
448 672 -0.1124  2.8131 46.7580
480 672 -0.1021  2.7850 51.4179
512 672 -0.0635  2.7758 50.4202
544 672 -0.0245  2.7821 46.4625
576 672  0.0732  2.7380 46.0175
608 672  0.0454  2.8070 44.9170
640 672  0.0187  2.7753 41.8342
672 672  0.0990  2.4053 24.9850
704 672 -0.0592  2.0343 26.2312
736 672 -0.0388  1.1928 27.5791
768 672  0.0392  1.0168 34.0754
800 672  0.0419  1.0546 35.1655
832 672 -0.1818  0.4040 37.8045
864 672 -0.0765  0.1817 41.5497
896 672  0.0000  0.0000 14.0016
928 672 -0.0121  0.0465 48.1565
960 672  0.0000  0.0000  7.4598
 32 704 -0.0562  0.1441 40.2325
 64 704  0.0590  0.0943 35.7710
 96 704  0.0920  0.1296 32.9952
128 704  0.0323  0.4482 24.2810
160 704  0.0878  0.8122 29.7302
192 704  0.1175  0.8942 27.2736
224 704  0.2745  1.0599 29.6071
256 704  0.0664  1.8902 23.8431
288 704 -0.2103  2.6146 26.9407
320 704 -0.1852  2.8576 42.9615
352 704 -0.1325  2.8886 43.6053
384 704 -0.1528  2.7919 28.3030
416 704 -0.0922  2.7017 38.0112
448 704 -0.0929  2.6948 46.6530
480 704 -0.1619  2.6741 38.4280
512 704 -0.1454  2.6492 42.6826
544 704 -0.0906  2.6621 44.8386
576 704  0.0278  2.6870 43.6869
608 704  0.1098  2.8425 49.5724
640 704  0.1005  2.8083 29.3645
672 704  0.0544  2.1843 30.4993
704 704 -0.0472  1.8503 25.9417
736 704  0.0347  0.9323 22.4892
768 704  0.0844  0.8654 30.4919
800 704 -0.1562  0.9170 40.4381
832 704 -0.3044  0.5376 35.3206
864 704 -0.0000  0.1968 39.9661
896 704  0.0000  0.0000 13.2893
928 704  0.1880  0.0837 17.8828
960 704  0.0000  0.0000  7.9075
 32 736 -0.1742  0.1753 39.6844
 64 736 -0.0338  0.0415 20.1346
 96 736  0.0142  0.0776 23.1596
128 736 -0.0353  0.6608 26.3676
160 736  0.0266  0.8558 20.7754
192 736 -0.0246  0.9066 31.5174
224 736 -0.0556  1.1121 20.8905
256 736 -1.0015  2.6225 21.7073
288 736 -0.8209  2.7830 33.7080
320 736 -0.4390  2.7992 37.0258
352 736 -0.2589  2.7751 36.4330
384 736 -0.2202  2.7193 29.5552
416 736 -0.1239  2.6545 42.2394
448 736 -0.0134  2.6425 40.6307
480 736 -0.0630  2.4983 31.9505
512 736 -0.0603  2.4804 33.2217
544 736  0.0918  2.4876 35.1310
576 736  0.1723  2.4567 37.0630
608 736  0.1087  2.7342 43.5669
640 736  0.1268  2.7225 24.1334
672 736  0.1775  2.1837 42.8744
704 736  0.1961  1.7831 25.8376
736 736  0.0000  0.0000 14.5942
768 736  0.3723  1.0695 30.0538
800 736  0.0840  0.9790 39.2520
832 736 -0.0719  0.7923 39.6051
864 736  0.1315  0.4299 39.2972
896 736  0.1473  0.3139 36.6015
928 736  0.0000  0.0000 16.5053
960 736 -0.0006  0.0594 30.5708
 32 768 -0.1629  0.1771 41.1285
 64 768  0.0000  0.0000 13.0765
 96 768 -0.1200  0.2197 31.8691
128 768  0.0000  0.0000 16.7863
160 768 -0.4140  1.0688 17.5236
192 768 -0.7451  1.1687 28.1177
224 768 -1.0942  1.6586 25.7214
256 768 -1.0745  2.2909 25.7583
288 768 -1.0626  2.4768 38.5008
320 768 -0.8783  2.1830 36.7969
352 768 -0.7178  2.1364 34.1746
384 768 -0.3537  2.2995 34.9585
416 768 -0.1414  2.2822 41.6042
448 768  0.0151  2.2336 35.8742
480 768  0.0353  2.1554 37.7317
512 768  0.0610  2.3194 32.7016
544 768  0.1575  2.3412 36.7151
576 768  0.1621  2.3138 41.5190
608 768  0.3218  2.4483 46.2255
640 768  0.1958  2.5158 27.9413
672 768  0.4758  2.2096 32.8907
704 768  0.5241  1.7639 24.8252
736 768  0.0000  0.0000 10.9965
768 768  0.4478  0.9631 26.0766
800 768  0.2803  0.9475 40.0853
832 768  0.2103  0.9176 43.5751
864 768  0.2285  0.8178 45.5946
896 768  0.1352  0.6193 48.4043
928 768  0.0934  0.1249 42.7710
960 768  0.0000  0.0000 14.8757
 32 800 -0.1023  0.3132 43.0405
 64 800  0.0000  0.0000 10.7491
 96 800 -0.5738  0.4693 24.9540
128 800 -0.9094  0.9697 25.5960
160 800 -0.8396  1.1450 18.2899
192 800 -0.9355  1.2609 33.7330
224 800 -1.2100  1.7371 40.0253
256 800 -1.1492  2.0038 40.6343
288 800 -1.0296  2.0180 44.3524
320 800 -0.8237  2.0086 42.6362
352 800 -0.7242  1.9978 38.1412
384 800 -0.5994  2.1303 40.6156
416 800 -0.2399  2.0041 44.3107
448 800 -0.0447  2.0281 43.3690
480 800  0.0021  1.9666 42.3972
512 800  0.0966  2.0335 38.8116
544 800  0.1728  2.1651 39.8985
576 800  0.3246  2.1758 37.2525
608 800  0.5711  2.0879 40.6577
640 800  0.6305  2.1486 39.8942
672 800  0.8792  2.1718 31.2193
704 800  0.9036  2.0020 36.6233
736 800  0.9207  1.8036 17.4958
768 800  0.6053  1.0836 30.1155
800 800  0.4571  0.9152 34.7259
832 800  0.6044  0.8641 28.9422
864 800  0.5470  0.7790 28.8117
896 800  0.2830  0.7256 51.1766
928 800  0.3032  0.2900 54.9974
960 800  0.1741  0.0682 24.3433
 32 832 -0.1413  0.4677 38.5541
 64 832  0.0000  0.0000 11.7146
 96 832 -1.1577  0.7078 23.3674
128 832 -1.3346  0.9620 29.3469
160 832 -1.1558  1.1764 26.1202
192 832 -1.0989  1.5589 21.5915
224 832 -1.1549  1.8203 37.1924
256 832 -1.1570  1.8563 45.2732
288 832 -0.9603  1.8191 42.6967
320 832 -0.7688  1.8877 39.4724
352 832 -0.6504  1.9160 39.0035
384 832 -0.6303  1.9351 38.0091
416 832 -0.2879  1.7517 47.7269
448 832 -0.1395  1.8028 47.4730
480 832 -0.0121  1.8472 40.5163
512 832  0.0700  1.8738 44.1792
544 832  0.1303  1.9558 41.0813
576 832  0.2582  1.9327 39.6652
608 832  0.4878  1.9256 36.8169
640 832  0.6725  2.0398 37.3316
672 832  0.9095  2.0455 39.9802
704 832  0.9546  1.9331 38.6235
736 832  0.9787  1.7611 23.0940
768 832  0.8497  1.1625 31.5000
800 832  0.7085  0.7700 35.2680
832 832  0.8582  0.8940 33.4313
864 832  0.8592  0.8220 17.2925
896 832  0.4684  0.6879 44.9378
928 832  0.5187  0.2400 43.9766
960 832  0.3136  0.1552 38.9684
 32 864 -0.2800  0.3130 29.4475
 64 864  0.0000  0.0000 13.7256
 96 864 -1.1046  0.9192 22.2090
128 864 -1.3666  1.0401 28.8942
160 864 -1.5677  1.3985 27.0252
192 864 -1.2152  1.6856 32.2170
224 864 -0.9749  1.5853 34.6738
256 864 -0.8793  1.4590 34.6696
288 864 -0.7794  1.4780 36.5309
320 864 -0.8511  1.5802 36.4617
352 864 -0.5276  1.4641 31.7943
384 864 -0.3422  1.2829 39.2975
416 864 -0.1214  1.2681 45.2955
448 864 -0.1178  1.4583 41.4681
480 864 -0.0415  1.6921 36.4218
512 864  0.0589  1.6891 39.2253
544 864  0.0946  1.7632 46.6169
576 864  0.2118  1.8127 38.5085
608 864  0.3894  1.8407 36.5397
640 864  0.6084  1.8279 38.5399
672 864  0.8435  1.8320 40.6261
704 864  0.9209  1.7394 43.2932
736 864  1.1296  1.4810 25.4815
768 864  0.9331  0.9105 30.1115
800 864  0.7146  0.5996 27.6925
832 864  0.8643  0.8760 32.0591
864 864  0.8807  0.8044 22.0961
896 864  0.8496  0.4552 41.0649
928 864  0.9990  0.3266 33.5075
960 864  0.9913  0.1857 21.6323
 32 896 -0.7036  0.3311 29.8779
 64 896 -0.7306  0.5998 26.9461
 96 896 -1.0105  0.9848 26.8175
128 896 -1.1998  1.1669 26.3324
160 896 -1.4438  1.5615 17.5676
192 896 -1.2818  1.6837 27.9469
224 896 -0.9982  1.3870 40.7079
256 896 -0.9231  1.1784 43.5483
288 896 -0.9614  1.1636 40.1846
320 896 -0.9469  1.0984 41.2923
352 896 -0.7506  1.0166 43.6837
384 896 -0.4758  0.9309 43.0907
416 896 -0.4157  0.8980 40.5990
448 896 -0.3781  1.0839 36.3884
480 896  0.0113  1.2460 36.2698
512 896  0.1782  1.2649 42.7764
544 896  0.2181  1.3659 38.5911
576 896  0.3703  1.3921 36.6073
608 896  0.7065  1.2443 37.0810
640 896  0.7644  1.1680 36.6728
672 896  0.8831  1.3792 36.8253
704 896  1.0489  1.4174 35.9792
736 896  1.1201  1.1143 24.2919
768 896  0.9875  0.8252 36.2949
800 896  0.7707  0.5243 34.0538
832 896  0.8883  0.5971 28.3197
864 896  1.1415  0.3901 30.8645
896 896  1.5025  0.1404 37.7100
928 896  1.5643  0.1401 42.3123
960 896  1.4000  0.2240 42.1575
 32 928 -0.9799  0.3464 31.8103
 64 928 -0.9734  0.5903 34.6829
 96 928 -1.0041  1.0013 32.2080
128 928 -1.2045  1.2630 20.7842
160 928 -1.5497  1.2665 22.2124
192 928 -1.3130  1.2147 21.1399
224 928 -1.0984  1.0912 38.0598
256 928 -1.0822  0.9348 43.6370
288 928 -1.0597  0.8676 38.2474
320 928 -1.0027  0.6949 33.6058
352 928 -0.8845  0.6557 37.4434
384 928 -0.6345  0.7661 37.4179
416 928 -0.5535  0.8989 35.7283
448 928 -0.4418  0.6159 32.7852
480 928  0.0227  0.9687 40.0121
512 928  0.1217  1.0178 47.7667
544 928  0.2702  0.9941 39.7083
576 928  0.5054  0.9746 39.1344
608 928  0.6184  1.0185 41.3758
640 928  0.7327  0.9528 46.2359
672 928  0.8597  1.0134 45.2220
704 928  1.0348  1.1234 30.7379
736 928  1.0569  0.9936 17.9432
768 928  1.1075  0.5626 26.1658
800 928  1.4773  0.2995 33.9296
832 928  1.4084  0.2016 31.4949
864 928  1.6773  0.0042 26.1361
896 928  1.8760 -0.0223 26.3712
928 928  1.8818  0.0323 38.2232
960 928  1.8150  0.1035 38.5430
 32 960 -1.5461  0.4490 23.6484
 64 960 -1.6569  0.5853 25.9851
 96 960 -1.5496  0.8686 17.9939
128 960 -1.6295  1.0128 25.5399
160 960 -1.6590  0.7083 21.0555
192 960 -1.3257  0.3782 22.2601
224 960 -1.2151  0.7109 29.6503
256 960 -1.0354  0.7346 34.9298
288 960 -0.9504  0.4980 32.6435
320 960 -0.9159  0.1983 35.4279
352 960 -0.7617  0.1687 38.7628
384 960 -0.6160  0.3716 31.5785
416 960 -0.4194  0.3137 29.7956
448 960 -0.3006  0.2981 31.7753
480 960 -0.1054  0.4916 29.2157
512 960 -0.0944  0.6463 36.8222
544 960  0.0719  0.6831 41.3947
576 960  0.3183  0.7887 40.1872
608 960  0.4828  0.7831 37.5817
640 960  0.6825  0.6362 35.8644
672 960  0.8929  0.5905 39.3939
704 960  1.1263  0.7096 31.9229
736 960  0.0000  0.0000 13.2624
768 960  0.0000  0.0000 14.4422
800 960  1.9490  0.0690 19.5264
832 960  2.0735  0.0462 20.9928
864 960  2.1033 -0.0454 34.1398
896 960  2.0906 -0.0356 40.3648
928 960  2.2129  0.0267 29.1743
960 960  2.2310  0.0464 32.1308
 32 992 -0.0715  0.0217 31.2088
 64 992 -0.0652  0.0283 27.9487
 96 992  0.0000  0.0000 12.8692
128 992 -0.6207  0.1010 18.5087
160 992 -0.3406  0.0313 19.6078
192 992  0.0000  0.0000 14.9977
224 992  0.0000  0.0000 13.6712
256 992  0.0000  0.0000 15.0608
288 992  0.0000  0.0000 15.8495
320 992  0.0000  0.0000 14.6873
352 992  0.0000  0.0000 15.0699
384 992  0.0000  0.0000 14.9927
416 992  0.0000  0.0000 15.3648
448 992  0.0000  0.0000 15.6137
480 992 -0.0280 -0.0150 18.1809
512 992 -0.0330  0.0089 19.9878
544 992 -0.0046  0.0028 19.6039
576 992  0.0674 -0.0209 21.0971
608 992  0.1109 -0.0367 22.3168
640 992  0.2417 -0.0329 22.3959
672 992  0.3495 -0.0329 20.2870
704 992  0.2947 -0.0423 19.3333
736 992  0.1026 -0.0536 17.1991
768 992  0.0568 -0.0604 17.7127
800 992  0.0000  0.0000 16.1424
832 992  0.0000  0.0000 14.0270
864 992  0.0231 -0.0487 23.4350
896 992  0.0914 -0.0205 20.7601
928 992  0.1851 -0.1471 17.2931
960 992  0.0603 -0.1203 18.2548
