 32  32  0.0000  0.0000 34.3001
 64  32  0.0000  0.0000 37.3070
 96  32  0.0000  0.0000 36.0761
128  32 -0.1254 -0.1445 27.1026
160  32 -0.0404  0.0532 24.4617
192  32 -0.0363  0.2249 19.5853
224  32  0.0976  0.5241 24.1605
256  32 -0.0616  1.5899 25.6629
288  32 -0.0680  2.0131 27.0018
320  32  0.0000  0.0000 31.7574
352  32  0.0000  0.0000 42.8090
384  32  0.0000  0.0000 43.3519
416  32  0.0000  0.0000 43.0047
448  32  0.0000  0.0000 45.3088
480  32  0.0000  0.0000 36.6185
512  32  0.0000  0.0000 40.7038
544  32  0.0000  0.0000 42.1434
576  32  0.0000  0.0000 40.4779
608  32  0.0000  0.0000 41.7345
640  32  0.0000  0.0000 41.9021
672  32  0.0000  0.0000 30.8017
704  32  0.0000  0.0000 26.4932
736  32  0.0000  0.0000 23.4588
768  32  0.0000  0.0000 16.2292
800  32 -0.0106  0.2748 24.4908
832  32  0.0322 -0.0064 19.4232
864  32 -0.0259 -0.1911 42.2695
896  32  0.1748 -0.3081 45.4754
928  32  0.1170 -0.0551 52.6664
960  32  0.0022  0.0003 43.4488
 32  64  0.0000  0.0000  4.8447
 64  64  0.0000  0.0000  9.8294
 96  64  0.0000  0.0000 14.7204
128  64 -0.1240  0.0507 24.8461
160  64 -0.0346  0.1593 38.5497
192  64  0.0000  0.0000 15.4640
224  64  0.1771  1.3300 25.7894
256  64  0.0543  1.7445 38.8422
288  64 -0.0044  1.9625 28.3997
320  64  0.0519  2.4979 35.1480
352  64  0.0436  2.8430 51.1919
384  64  0.0529  2.9377 55.6655
416  64  0.0408  2.9865 60.1444
448  64  0.0539  3.0039 60.6705
480  64  0.0465  2.9622 64.1697
512  64  0.0291  2.9591 58.9883
544  64  0.0299  2.9710 57.0146
576  64 -0.0232  2.9183 65.1970
608  64  0.0017  2.9938 59.5395
640  64  0.0438  2.9989 61.0997
672  64  0.0438  2.8869 53.1312
704  64  0.0270  2.7379 21.8642
736  64 -0.1072  1.9579 34.6126
768  64 -0.1184  1.5961 23.7538
800  64  0.0000  0.0000 16.8190
832  64  0.0000  0.0000 14.6102
864  64  0.0339  0.0485 46.3174
896  64  0.0000  0.0000  4.3818
928  64  0.0000  0.0000  4.9753
960  64  0.0000  0.0000  7.4666
 32  96  0.0000  0.0000  5.3501
 64  96  0.0000  0.0000  9.8519
 96  96  0.0000  0.0000 15.0180
128  96 -0.0560  0.0831 17.3092
160  96 -0.0083  0.1338 32.8021
192  96  0.0000  0.0000 14.3797
224  96  0.0885  1.5835 28.4128
256  96  0.1484  1.8436 38.4904
288  96  0.0797  1.8955 28.6823
320  96 -0.0447  2.6938 33.4707
352  96 -0.0190  2.9031 50.6021
384  96 -0.0108  2.9803 49.9460
416  96 -0.0190  3.0167 51.5116
448  96  0.0408  3.0122 54.9390
480  96  0.0483  3.0056 58.7042
512  96 -0.0670  2.9501 55.8218
544  96 -0.1500  2.9012 49.4592
576  96 -0.1040  2.8934 61.1464
608  96 -0.0165  2.9429 57.4108
640  96  0.0170  2.9757 62.1036
672  96 -0.0146  2.9008 55.7186
704  96  0.0075  2.7214 19.7126
736  96 -0.0423  1.9516 37.7177
768  96 -0.0446  1.3469 31.3974
800  96  0.0000  0.0000 13.8215
832  96  0.0000  0.0000 16.4080
864  96  0.2319  0.0667 25.5183
896  96  0.0000  0.0000  4.3971
928  96  0.0000  0.0000  4.8779
960  96  0.0000  0.0000  7.2445
 32 128  0.0000  0.0000  5.2446
 64 128  0.0000  0.0000  5.9428
 96 128  0.2090  0.0866 43.3122
128 128  0.1459  0.0587 29.1688
160 128  0.0229  0.1355 27.0801
192 128 -0.1065  0.5729 19.0486
224 128  0.1177  1.6052 17.1096
256 128  0.0937  1.9488 26.1054
288 128 -0.0981  2.2191 29.4649
320 128 -0.1671  2.8133 43.9248
352 128 -0.1194  2.9491 57.7742
384 128 -0.0709  2.9659 61.5382
416 128 -0.0519  2.9979 59.6974
448 128 -0.0290  3.0018 56.5478
480 128 -0.0362  3.0098 57.1632
512 128 -0.1293  2.9828 57.2927
544 128 -0.2439  2.8856 54.6366
576 128 -0.1627  2.8571 56.1104
608 128  0.0301  2.8782 58.1765
640 128  0.0615  2.9473 54.5884
672 128  0.0470  2.9383 48.5375
704 128  0.0464  2.6462 30.7298
736 128  0.0752  2.0819 28.8615
768 128 -0.0050  1.7719 20.3155
800 128 -0.0968  0.8366 17.5715
832 128  0.0000  0.0000 12.2630
864 128 -0.1514  0.0356 47.3414
896 128  0.0000  0.0000  4.4391
928 128  0.0000  0.0000  4.9515
960 128  0.0000  0.0000  7.2026
 32 160  0.0000  0.0000 11.7074
 64 160  0.0000  0.0000  5.7782
 96 160  0.1544  0.1016 26.9648
128 160  0.1347  0.0975 28.5812
160 160  0.1044  0.1890 30.0540
192 160  0.0833  0.3825 17.6470
224 160  0.0000  0.0000 15.5031
256 160  0.1700  1.9319 23.9712
288 160 -0.0014  2.2543 30.8934
320 160 -0.0885  2.8193 39.6418
352 160 -0.0895  2.9624 58.0781
384 160 -0.1030  3.0296 61.3883
416 160 -0.0667  3.0419 51.4192
448 160 -0.0635  2.9612 39.4662
480 160 -0.1052  2.9689 51.2176
512 160 -0.1531  2.9808 56.9245
544 160 -0.2251  2.8016 50.4526
576 160 -0.1411  2.6469 44.0806
608 160  0.0135  2.7002 50.1950
640 160  0.0782  2.9205 49.3638
672 160  0.0748  2.9997 45.5593
704 160  0.0675  2.6992 37.9366
736 160  0.2060  2.1981 35.6339
768 160  0.0000  0.0000 13.3084
800 160  0.0990  1.3804 22.0443
832 160  0.0000  0.0000 14.9044
864 160  0.2430 -0.0694 21.8583
896 160  0.0000  0.0000  4.5531
928 160  0.0000  0.0000  5.3165
960 160  0.0000  0.0000  7.1758
 32 192  0.0000  0.0000 12.7443
 64 192  0.0000  0.0000  5.3481
 96 192  0.0000  0.0000 15.8184
128 192  0.0459  0.1413 20.3009
160 192  0.0950  0.3368 43.0430
192 192  0.0000  0.0000 15.1737
224 192  0.2420  0.6783 18.4175
256 192  0.1088  1.9021 17.3800
288 192  0.0547  2.2054 31.9894
320 192  0.0044  2.6564 40.3751
352 192 -0.0474  2.9598 55.9000
384 192 -0.0993  3.0707 52.7270
416 192 -0.0956  3.0533 39.4641
448 192 -0.1100  2.9451 34.3546
480 192 -0.1167  2.9549 55.8682
512 192 -0.1339  2.9533 63.7788
544 192 -0.1242  2.8268 55.2827
576 192 -0.0671  2.6335 52.4333
608 192 -0.0157  2.6224 55.7603
640 192  0.0636  2.8466 55.3935
672 192  0.1240  2.9852 54.4712
704 192  0.1794  2.8111 49.2909
736 192  0.3124  2.3201 32.8448
768 192  0.2856  1.8375 18.3655
800 192  0.5206  1.3775 19.4216
832 192  0.0000  0.0000 14.5036
864 192  0.2614 -0.0349 21.8244
896 192  0.0000  0.0000  4.3991
928 192  0.0000  0.0000  5.0588
960 192  0.0000  0.0000  7.1239
 32 224  0.0000  0.0000  5.4760
 64 224 -0.0462  0.0853 30.8086
 96 224  0.0000  0.0000 15.3767
128 224 -0.0098  0.0636 36.4016
160 224  0.0599  0.3629 31.2497
192 224  0.0000  0.0000 16.5583
224 224 -0.0675  0.8605 17.4154
256 224 -0.1387  1.7783 22.0585
288 224  0.0054  2.1797 41.1469
320 224  0.0200  2.5156 41.3137
352 224 -0.0248  2.8229 43.0028
384 224 -0.0532  2.9264 44.2825
416 224 -0.0308  2.9273 44.2230
448 224 -0.0552  2.8853 47.6957
480 224 -0.0452  2.9422 54.2345
512 224 -0.0700  2.9471 63.9534
544 224 -0.0468  2.8851 56.1137
576 224  0.0441  2.7203 53.9092
608 224 -0.0073  2.6306 53.8974
640 224  0.0208  2.7774 54.6729
672 224  0.0932  2.8740 47.8834
704 224  0.2215  2.7293 46.1390
736 224  0.4301  2.3499 30.6062
768 224  0.3829  1.9144 25.8840
800 224  0.0000  0.0000 16.7867
832 224  0.0000  0.0000  9.8125
864 224  0.1385  0.0684 40.0581
896 224  0.0000  0.0000  4.4244
928 224  0.0000  0.0000  4.9528
960 224  0.0000  0.0000  7.3571
 32 256  0.0000  0.0000 11.5919
 64 256  0.0352  0.0705 20.8414
 96 256 -0.0239  0.0352 17.5776
128 256 -0.0170  0.0807 38.7367
160 256  0.0431  0.2326 48.2566
192 256  0.0359  0.5550 21.7545
224 256  0.0000  0.0000 13.4428
256 256 -0.1577  1.6402 21.7189
288 256 -0.0119  2.1012 27.4173
320 256 -0.0699  2.5250 36.8285
352 256 -0.1251  2.6639 41.1586
384 256 -0.0878  2.7644 37.7815
416 256  0.0512  2.8598 45.6827
448 256  0.0424  2.9227 51.7047
480 256 -0.0270  2.9679 56.7508
512 256 -0.0440  2.9589 59.6472
544 256 -0.0270  2.8858 56.4794
576 256  0.0314  2.7256 56.1335
608 256 -0.0210  2.6578 55.2803
640 256 -0.0520  2.7799 56.7082
672 256 -0.0125  2.7764 55.9657
704 256  0.1693  2.5677 45.7902
736 256  0.3884  2.3946 41.1337
768 256  0.3217  2.0230 39.2704
800 256  0.0000  0.0000 10.1218
832 256  0.2314  0.8970 18.7138
864 256  0.0026  0.7459 49.7682
896 256  0.0000  0.0000  5.8522
928 256  0.0000  0.0000  5.0063
960 256  0.0000  0.0000  7.5948
 32 288  0.0024  0.1004 83.1054
 64 288  0.0183  0.0950 40.2848
 96 288 -0.0080  0.0453 17.8932
128 288  0.0237  0.0965 33.8725
160 288  0.0910  0.2214 49.9767
192 288  0.0595  0.5480 28.1656
224 288  0.0501  0.9022 28.5183
256 288  0.0000  0.0000 12.1609
288 288  0.0515  2.1872 19.2468
320 288 -0.0212  2.5809 33.1094
352 288 -0.0619  2.6102 42.5677
384 288 -0.0737  2.6692 45.9200
416 288 -0.0326  2.8287 47.5804
448 288 -0.0736  2.9649 50.9489
480 288 -0.0486  3.0278 58.9576
512 288 -0.0104  3.0074 58.7825
544 288 -0.0640  2.8338 51.4199
576 288 -0.0251  2.6921 56.6459
608 288 -0.0318  2.6843 53.5270
640 288 -0.1354  2.7156 53.5117
672 288 -0.0714  2.6871 55.5303
704 288  0.0843  2.6115 49.5110
736 288  0.1840  2.4441 45.5286
768 288  0.1272  1.9116 28.3646
800 288  0.0000  0.0000 12.5374
832 288  0.0000  0.0000 16.8894
864 288  0.1095  0.5460 47.9857
896 288  0.0000  0.0000  5.8854
928 288  0.0000  0.0000  5.0823
960 288  0.0000  0.0000  7.6670
 32 320  0.0017  0.0978 69.0719
 64 320  0.0081  0.1023 55.6870
 96 320  0.0079  0.0700 28.6405
128 320  0.0598  0.1540 29.8049
160 320  0.1133  0.3306 37.8441
192 320  0.0863  0.6319 29.9068
224 320  0.0616  0.8656 35.9818
256 320  0.0000  0.0000 13.3636
288 320  0.0000  0.0000 15.2150
320 320  0.0020  2.6880 38.9928
352 320  0.0477  2.7087 46.9999
384 320  0.0268  2.7302 57.9386
416 320 -0.0384  2.8573 53.7425
448 320 -0.1313  2.9283 57.0401
480 320 -0.0823  2.9928 56.3949
512 320 -0.0139  3.0177 52.4208
544 320 -0.0207  2.8080 43.7887
576 320 -0.0041  2.7171 50.9373
608 320 -0.0056  2.7983 57.3820
640 320 -0.0782  2.7776 58.2773
672 320 -0.0801  2.7275 57.6627
704 320 -0.0034  2.6781 49.1325
736 320  0.0839  2.4174 32.7824
768 320  0.0347  1.8439 24.3464
800 320  0.1127  1.0425 17.8330
832 320  0.0000  0.0000 13.0007
864 320  0.3891  0.0728 56.7956
896 320  0.0000  0.0000  4.5148
928 320  0.0000  0.0000  5.2978
960 320  0.0000  0.0000  7.5472
 32 352  0.0327  0.0427 26.9919
 64 352  0.0463  0.0100 24.6695
 96 352  0.0658  0.0715 29.9546
128 352  0.1228  0.1846 20.7543
160 352  0.0873  0.5227 20.9646
192 352  0.0591  0.8742 34.6231
224 352  0.0048  1.0140 36.2573
256 352  0.0000  0.0000 15.1363
288 352  0.0000  0.0000 17.2972
320 352 -0.0725  2.6570 40.0734
352 352  0.0090  2.7599 45.6631
384 352  0.0548  2.8297 57.8440
416 352  0.0746  2.8582 52.0670
448 352 -0.0012  2.8941 52.6327
480 352 -0.0015  2.9177 53.2421
512 352  0.0222  2.8989 46.3521
544 352 -0.0069  2.8381 47.8949
576 352 -0.0194  2.8535 60.9495
608 352  0.0806  2.9183 61.8005
640 352  0.0851  2.8863 60.6461
672 352  0.0053  2.8746 61.5651
704 352 -0.0266  2.7556 38.2839
736 352 -0.0563  2.2406 42.1995
768 352 -0.0586  1.6683 25.5202
800 352  0.0000  0.0000 11.1162
832 352  0.0120  0.9463 26.3444
864 352  0.0000  0.0000  4.5497
896 352  0.0000  0.0000  4.4367
928 352  0.0000  0.0000  5.0840
960 352  0.0000  0.0000  7.1405
 32 384  0.0000  0.0000  7.1098
 64 384 -0.0048  0.0566 19.5377
 96 384  0.0711  0.0881 28.6611
128 384  0.0000  0.0000 11.7348
160 384  0.0059  0.6426 30.1571
192 384  0.0058  1.0030 46.4362
224 384  0.0222  1.1515 48.9895
256 384  0.0000  0.0000 16.0848
288 384 -0.0128  1.9868 21.4329
320 384  0.0524  2.3529 37.5100
352 384 -0.1065  2.7526 47.7031
384 384 -0.0239  2.8602 49.2302
416 384  0.1003  2.8781 57.2440
448 384  0.0702  2.9023 53.5433
480 384  0.0273  2.9407 53.5751
512 384  0.0443  2.9006 56.0251
544 384  0.0715  2.8270 54.9932
576 384  0.0575  2.8813 48.4103
608 384  0.1051  3.0111 51.9209
640 384  0.0967  2.9922 61.4286
672 384  0.0558  2.9098 57.4786
704 384  0.0289  2.7372 36.2760
736 384 -0.1244  1.9499 39.4916
768 384 -0.1319  1.3291 19.8032
800 384 -0.1516  1.0033 17.8105
832 384  0.0000  0.0000 15.0541
864 384 -0.0552 -0.0034 65.2029
896 384  0.0000  0.0000  4.4353
928 384  0.0000  0.0000  5.1883
960 384  0.0000  0.0000  7.0341
 32 416  0.0707  0.2047 54.8971
 64 416  0.1087  0.2168 32.7859
 96 416  0.1114  0.1555 30.7316
128 416  0.0000  0.0000 12.0512
160 416 -0.0538  0.5826 30.5786
192 416  0.0580  0.9016 28.5436
224 416  0.0433  1.2505 45.2625
256 416 -0.0486  1.8251 31.5364
288 416  0.1307  1.9749 23.2181
320 416  0.0655  2.5698 30.0520
352 416 -0.1040  2.8519 49.4133
384 416 -0.0716  2.8499 49.6656
416 416  0.0342  2.8678 55.0199
448 416  0.0254  2.9193 56.5385
480 416  0.0084  2.9266 53.2867
512 416  0.0106  2.9060 60.6846
544 416  0.0522  2.9013 51.6877
576 416  0.0587  2.9177 51.3832
608 416  0.0413  2.9816 55.5651
640 416 -0.0043  2.9922 59.3930
672 416 -0.0578  2.9574 49.8738
704 416  0.0266  2.7258 30.9943
736 416 -0.0503  1.7288 37.0259
768 416 -0.0612  1.3047 30.5160
800 416 -0.0635  0.8516 37.2822
832 416  0.0000  0.0000 13.8762
864 416 -0.0770  0.0102 43.4281
896 416  0.0000  0.0000  4.4057
928 416  0.0000  0.0000  5.1763
960 416  0.0000  0.0000  7.1812
 32 448  0.0517  0.1858 44.0352
 64 448  0.1052  0.2417 40.7443
 96 448  0.1257  0.1922 39.4866
128 448 -0.0889  0.3420 18.2785
160 448 -0.0033  0.5313 29.9539
192 448  0.1365  0.8513 33.4748
224 448  0.0884  1.2563 41.5968
256 448 -0.0259  1.7681 34.5390
288 448  0.1151  1.8639 26.6256
320 448  0.0223  2.5840 32.3359
352 448 -0.0586  2.9547 55.1432
384 448 -0.0865  2.9778 58.9262
416 448 -0.0001  2.8785 57.9910
448 448  0.0327  2.9048 59.9845
480 448  0.0188  2.9022 56.0356
512 448  0.0505  2.8861 57.9259
544 448  0.0524  2.9208 59.2554
576 448  0.0243  2.9385 59.2220
608 448  0.0087  2.9512 60.2517
640 448  0.0063  2.9365 59.1335
672 448 -0.0367  2.9423 47.6206
704 448 -0.0471  2.5240 36.3591
736 448 -0.1251  1.5153 42.8527
768 448 -0.0303  1.3827 38.7996
800 448  0.0028  1.1084 21.8964
832 448  0.0000  0.0000 11.1085
864 448 -0.0671  0.0297 35.6092
896 448 -0.0481  0.0090 43.5889
928 448  0.0000  0.0000  5.0275
960 448  0.0000  0.0000  7.1228
 32 480  0.0317  0.0619 34.0352
 64 480  0.0675  0.1943 23.4851
 96 480  0.0054  0.2621 33.0822
128 480 -0.1296  0.3788 27.9815
160 480 -0.0576  0.5118 34.9771
192 480  0.0907  0.9423 35.0983
224 480  0.0480  1.4575 27.0473
256 480 -0.1095  1.7945 36.5761
288 480 -0.0537  1.8554 27.8883
320 480 -0.1085  2.2497 40.9167
352 480 -0.1293  2.9206 56.1366
384 480 -0.1095  2.9846 58.7130
416 480 -0.0422  2.9032 55.2723
448 480 -0.0032  2.9354 65.5294
480 480  0.0159  2.9489 59.8654
512 480  0.0677  2.9296 62.4325
544 480  0.0766  2.9331 59.4259
576 480  0.0829  2.9516 58.3445
608 480  0.0700  2.9740 59.3937
640 480  0.1043  2.9340 60.4877
672 480  0.1249  2.9125 48.2437
704 480  0.1000  2.5319 31.8204
736 480 -0.1716  1.3789 37.3406
768 480  0.0564  1.3662 37.0339
800 480  0.0549  1.2367 17.4136
832 480  0.0000  0.0000 15.5428
864 480 -0.0140  0.0700 37.7401
896 480 -0.0589  0.0403 30.9378
928 480  0.0000  0.0000  9.0956
960 480  0.0000  0.0000  8.9911
 32 512  0.0889  0.0885 38.1906
 64 512  0.0845  0.1659 22.4203
 96 512 -0.0270  0.3541 34.6795
128 512 -0.0804  0.4889 41.4776
160 512 -0.0983  0.7179 33.1273
192 512 -0.1232  1.2592 20.3795
224 512 -0.1973  1.7763 25.0625
256 512 -0.1869  1.9308 38.4427
288 512 -0.2112  2.0147 33.9873
320 512 -0.2544  2.3323 37.0887
352 512 -0.1174  2.8638 51.9897
384 512 -0.0618  2.9381 62.1941
416 512 -0.0778  2.9608 58.2672
448 512 -0.0375  2.9862 66.6998
480 512  0.0370  2.9803 63.2960
512 512  0.0975  2.9658 63.7337
544 512  0.1030  2.9492 60.2058
576 512  0.0902  2.9492 51.8670
608 512  0.0686  2.9305 59.6177
640 512  0.0455  2.9018 53.8170
672 512  0.1067  2.9370 52.0317
704 512  0.1003  2.7427 17.2366
736 512 -0.0867  1.4427 38.3095
768 512  0.0160  1.3947 40.8484
800 512  0.0000  0.0000 14.0067
832 512 -0.0941  0.6517 28.9523
864 512 -0.0438  0.1348 37.7986
896 512 -0.0524  0.0826 37.6609
928 512  0.0000  0.0000  9.5338
960 512  0.0000  0.0000  9.1857
 32 544  0.0195  0.1501 19.5972
 64 544  0.0721  0.1980 33.0191
 96 544 -0.0146  0.3789 36.9564
128 544 -0.0896  0.5390 47.7003
160 544 -0.0308  0.9406 28.0541
192 544 -0.1046  1.1282 35.4994
224 544  0.0000  0.0000 16.4497
256 544 -0.1438  2.0326 27.0829
288 544 -0.2719  2.3178 41.5353
320 544 -0.2222  2.5424 42.7225
352 544 -0.1325  2.8215 44.6553
384 544 -0.1014  2.9434 42.6243
416 544 -0.0878  3.0181 40.2566
448 544 -0.0297  3.0475 41.2048
480 544  0.0376  3.0167 57.1631
512 544  0.0833  2.9205 63.8027
544 544  0.0935  2.8960 62.0143
576 544  0.0661  2.9652 59.3445
608 544  0.0076  2.8917 56.9641
640 544 -0.0164  2.7986 48.2036
672 544  0.0393  2.8454 41.7111
704 544  0.0327  2.5855 22.6819
736 544  0.0561  1.7437 38.2788
768 544  0.0845  1.6847 42.4125
800 544  0.0727  1.5325 21.2139
832 544 -0.0361  0.5148 22.6790
864 544 -0.0431  0.1417 28.5720
896 544 -0.0884  0.0997 33.0487
928 544 -0.2111  0.0243 23.4968
960 544  0.0000  0.0000  7.4497
 32 576  0.0094  0.1168 22.1080
 64 576  0.0575  0.2082 30.4065
 96 576  0.0321  0.2961 46.5336
128 576 -0.0614  0.6801 33.1201
160 576 -0.0474  0.9642 34.3030
192 576 -0.0575  0.9416 62.4456
224 576  0.0522  0.9984 36.3345
256 576  0.0000  0.0000 13.5493
288 576 -0.1565  2.5367 39.5314
320 576 -0.1719  2.6975 46.7126
352 576 -0.1643  2.8222 43.1653
384 576 -0.1227  2.9837 50.0539
416 576 -0.0586  3.0525 48.1499
448 576  0.0093  3.0813 49.2567
480 576 -0.0334  3.0056 55.1374
512 576 -0.0352  2.8780 66.6589
544 576  0.0332  2.8949 65.0203
576 576  0.0663  2.9979 52.0332
608 576  0.0319  2.9041 49.0174
640 576  0.0495  2.8714 54.1948
672 576  0.0656  2.9179 36.6999
704 576  0.1543  2.7204 34.0676
736 576  0.4125  2.2004 35.4067
768 576  0.2969  1.8809 35.8903
800 576  0.2201  1.3078 30.2994
832 576  0.1107  0.8377 19.5493
864 576 -0.0500  0.1983 26.2654
896 576 -0.1015  0.0823 26.7450
928 576 -0.1368  0.0233 25.3548
960 576  0.0000  0.0000 13.7449
 32 608  0.0000  0.0000 15.2030
 64 608  0.1059  0.3111 21.2672
 96 608  0.0287  0.5228 36.9826
128 608 -0.0066  0.7566 28.2145
160 608 -0.0441  0.9796 24.0736
192 608 -0.0292  0.9263 48.0893
224 608 -0.0177  0.8928 35.1734
256 608 -0.1580  2.2302 24.8408
288 608 -0.1597  2.5397 18.0919
320 608 -0.1331  2.7365 39.4140
352 608 -0.1012  2.8723 51.1519
384 608 -0.1320  2.9511 53.5591
416 608 -0.1105  2.9240 58.5266
448 608 -0.0457  2.9062 51.8531
480 608 -0.0513  2.9385 55.7454
512 608 -0.0659  2.9384 63.1069
544 608 -0.0221  2.9858 58.9597
576 608  0.0718  2.9927 50.0942
608 608  0.0903  2.9186 49.3643
640 608  0.0783  2.9311 52.1781
672 608  0.0970  2.9617 52.5916
704 608  0.1914  2.8076 41.1092
736 608  0.5711  2.1314 25.6259
768 608  0.5024  1.7557 32.3405
800 608  0.3067  1.1609 29.1464
832 608  0.1559  0.8813 21.1494
864 608 -0.0395  0.1505 20.4809
896 608  0.0354  0.0370 41.0992
928 608 -0.0185 -0.0344 50.6413
960 608 -0.0306 -0.0361 30.0699
 32 640  0.1117  0.0244 28.4425
 64 640  0.1442  0.2384 37.4830
 96 640 -0.0058  0.6914 35.9130
128 640  0.0260  0.8119 41.0554
160 640  0.0134  1.0301 21.1820
192 640  0.0446  1.0105 62.1480
224 640 -0.0181  1.1586 26.8203
256 640 -0.1617  1.8529 36.9615
288 640 -0.1624  2.3088 38.1879
320 640 -0.0725  2.6190 20.8592
352 640 -0.0793  2.9146 38.3225
384 640 -0.1246  2.9070 51.5257
416 640 -0.0990  2.8343 51.8694
448 640 -0.0828  2.8702 60.6765
480 640 -0.0657  2.9404 54.1796
512 640 -0.0300  2.9665 57.1511
544 640  0.0361  2.9971 55.6929
576 640  0.0683  2.9511 58.9174
608 640  0.1003  2.8854 53.6752
640 640  0.0973  2.9326 55.4186
672 640  0.0875  2.9280 58.4471
704 640  0.0935  2.7015 39.0210
736 640  0.1876  1.8812 22.2962
768 640  0.3115  1.3094 20.4019
800 640  0.2349  1.1200 38.2177
832 640  0.0830  0.6801 40.2772
864 640  0.0263  0.1752 20.7400
896 640  0.0602  0.0741 26.2434
928 640 -0.0125 -0.0557 56.1921
960 640 -0.0164 -0.0483 31.2501
 32 672  0.0343  0.0896 18.1114
 64 672  0.0053  0.2810 43.6060
 96 672 -0.0862  0.7791 48.9897
128 672  0.0077  0.8501 41.6143
160 672  0.0094  0.9752 35.8874
192 672  0.0262  1.0422 64.0066
224 672  0.0351  1.1877 38.9160
256 672  0.0451  1.7930 27.8886
288 672 -0.0255  2.2788 32.5745
320 672 -0.0793  2.4992 29.1006
352 672 -0.1929  2.8205 43.9659
384 672 -0.0903  2.8916 53.6909
416 672 -0.0713  2.7765 49.0013
448 672 -0.1255  2.7599 56.7958
480 672 -0.0931  2.8482 54.7553
512 672 -0.0131  2.8515 57.8772
544 672  0.0646  2.8979 52.7286
576 672  0.0587  2.8548 60.4294
608 672  0.0918  2.7839 52.9210
640 672  0.1287  2.8429 52.8548
672 672  0.1147  2.8064 51.3872
704 672  0.0989  2.5153 23.2214
736 672 -0.0440  1.6033 21.5419
768 672  0.0170  1.0464 38.0724
800 672  0.0207  0.9548 47.2920
832 672  0.0205  0.5905 40.8209
864 672  0.1183  0.2053 17.2948
896 672  0.0334  0.1086 30.0847
928 672 -0.0550  0.0123 31.3265
960 672  0.0000  0.0000 10.1441
 32 704  0.0215  0.1941 27.8057
 64 704 -0.0277  0.3273 60.1918
 96 704 -0.1409  0.8064 49.8432
128 704 -0.1097  0.8664 29.7647
160 704 -0.0519  0.9288 40.0048
192 704  0.0683  1.0206 50.2738
224 704  0.1358  1.1373 46.2211
256 704 -0.0395  1.8769 30.3873
288 704 -0.0819  2.4627 23.0779
320 704 -0.2915  2.5874 48.2413
352 704 -0.1861  2.6399 52.7998
384 704 -0.1214  2.7522 51.8810
416 704 -0.1302  2.7275 48.7920
448 704 -0.1616  2.5949 49.4086
480 704 -0.0997  2.6467 50.5531
512 704  0.0022  2.7185 49.8318
544 704  0.0388  2.8058 55.9208
576 704  0.0800  2.7702 56.2164
608 704  0.1462  2.6131 48.8049
640 704  0.1443  2.6703 52.7410
672 704  0.1155  2.7112 42.0403
704 704  0.1506  2.2741 27.1565
736 704  0.0870  1.3395 21.1414
768 704 -0.0152  0.9158 43.8653
800 704 -0.0066  0.8756 47.1271
832 704  0.0207  0.5513 45.3657
864 704  0.0369  0.2698 23.9708
896 704 -0.0731  0.1810 35.9313
928 704 -0.1229  0.1360 22.5555
960 704  0.0000  0.0000  7.4399
 32 736  0.0297  0.1619 57.1698
 64 736  0.0198  0.2041 79.5687
 96 736 -0.1224  0.7057 49.6951
128 736 -0.1403  0.8758 35.5788
160 736 -0.0793  0.9689 42.9397
192 736  0.0783  1.0808 42.9304
224 736  0.0804  1.3459 28.3898
256 736 -0.3510  2.2004 30.3313
288 736 -0.4452  2.5757 34.5012
320 736 -0.3198  2.5797 46.1248
352 736 -0.1765  2.5378 45.0596
384 736 -0.1355  2.5704 40.9445
416 736 -0.1138  2.5742 39.5332
448 736 -0.0214  2.4563 48.5281
480 736 -0.0421  2.4605 49.4062
512 736  0.0578  2.4837 49.7077
544 736  0.0299  2.6572 51.9419
576 736  0.1143  2.7282 55.4011
608 736  0.1179  2.5832 50.7935
640 736  0.1184  2.6281 51.2778
672 736  0.1201  2.6426 36.1396
704 736  0.1297  2.1685 36.5467
736 736  0.0789  1.3317 18.1554
768 736  0.0198  0.8352 41.3032
800 736 -0.0046  0.8909 55.9108
832 736 -0.0452  0.5337 49.8853
864 736 -0.0626  0.2045 38.1496
896 736 -0.0449  0.1618 36.0973
928 736  0.0024  0.1546 19.0357
960 736  0.0000  0.0000 19.4744
 32 768  0.0101  0.1236 38.9250
 64 768  0.0030  0.1679 50.0317
 96 768 -0.2176  0.6533 25.4854
128 768 -0.1884  0.9352 36.0121
160 768 -0.1234  1.0548 39.9415
192 768 -0.0208  1.3705 28.4220
224 768 -0.2456  1.8887 34.8733
256 768 -0.5092  2.3097 35.6252
288 768 -0.3918  2.1494 34.9579
320 768 -0.1408  2.2739 43.3889
352 768 -0.1607  2.6468 41.3733
384 768 -0.1574  2.5038 36.3339
416 768 -0.2001  2.3888 40.3005
448 768 -0.0492  2.4139 44.9450
480 768 -0.0016  2.4550 51.8612
512 768  0.1061  2.4081 54.3289
544 768  0.2884  2.4808 48.9873
576 768  0.1629  2.6997 56.3235
608 768  0.1575  2.6419 56.7866
640 768  0.1221  2.6729 50.6013
672 768  0.1205  2.5978 30.3402
704 768  0.0483  2.1063 30.0197
736 768  0.0857  1.0834 31.5931
768 768  0.0883  0.8054 28.2263
800 768  0.0785  0.7842 55.0767
832 768  0.0876  0.6271 52.2400
864 768  0.1168  0.2803 43.1923
896 768  0.0484  0.1302 43.2277
928 768  0.0665  0.0840 20.6610
960 768 -0.0537  0.0216 23.7113
 32 800  0.0000  0.0000 13.9342
 64 800 -0.0784  0.3977 17.0527
 96 800 -0.2272  0.6215 32.9833
128 800 -0.1666  0.8338 42.2173
160 800 -0.1305  1.2313 40.1926
192 800 -0.1703  1.7244 38.8466
224 800 -0.2550  1.8946 28.0771
256 800 -0.3835  2.0517 28.9760
288 800 -0.3233  2.0622 39.6219
320 800 -0.2297  2.1818 33.3379
352 800 -0.1835  2.5280 37.5367
384 800 -0.0942  2.3172 41.0533
416 800 -0.0875  2.2299 44.0865
448 800 -0.0692  2.2689 48.8416
480 800 -0.0199  2.2719 53.5329
512 800  0.0812  2.2208 62.2374
544 800  0.2081  2.2663 54.3295
576 800  0.1914  2.5304 49.2750
608 800  0.2296  2.5385 46.2549
640 800  0.2035  2.5247 33.4741
672 800  0.4310  2.3145 31.5370
704 800  0.2238  1.9687 27.4576
736 800  0.4086  0.8712 27.0577
768 800  0.2854  0.6348 26.3292
800 800  0.3799  0.4854 39.6637
832 800  0.1804  0.6479 32.7729
864 800  0.2737  0.4796 36.2927
896 800  0.1975  0.1623 34.7092
928 800  0.0650  0.0496 24.4845
960 800  0.0351  0.0636 31.4072
 32 832 -0.2579  0.2054 17.8912
 64 832 -0.1352  0.3793 38.8261
 96 832 -0.0748  0.4159 37.7887
128 832 -0.3019  0.3817 27.4509
160 832 -0.5710  1.1514 32.4269
192 832 -0.4392  1.7377 45.8648
224 832 -0.4011  1.7435 39.8000
256 832 -0.5647  1.8809 34.4726
288 832 -0.5720  2.1156 33.4631
320 832 -0.5344  2.3067 24.4613
352 832 -0.3460  2.2500 42.3846
384 832 -0.1084  2.1370 47.1200
416 832 -0.0309  2.1034 45.2770
448 832 -0.1262  2.0666 51.7715
480 832 -0.1083  2.0709 55.5674
512 832 -0.0033  2.0698 59.1693
544 832  0.0909  2.1132 61.7162
576 832  0.2851  2.2047 53.5939
608 832  0.3395  2.3013 44.4574
640 832  0.4923  2.1948 33.4882
672 832  0.5755  1.8998 37.5435
704 832  0.6877  1.6254 32.5898
736 832  0.7332  0.8879 36.5013
768 832  0.5069  0.5533 19.5670
800 832  0.4064  0.3790 39.9322
832 832  0.3344  0.5780 30.2245
864 832  0.4389  0.4529 33.8983
896 832  0.3703  0.2957 31.7557
928 832  0.1278  0.1627 24.3764
960 832  0.0000  0.0000 12.6726
 32 864 -0.7122  0.4146 32.0185
 64 864 -0.6936  0.5554 32.5861
 96 864  0.0000  0.0000 16.7720
128 864 -0.9421  0.3867 24.5850
160 864 -1.3378  1.0752 29.4875
192 864 -1.2210  1.5888 27.7949
224 864 -1.0579  1.8075 29.8602
256 864 -0.9695  1.9102 28.6000
288 864 -0.8310  2.0809 20.1592
320 864 -0.7820  2.1517 32.1393
352 864 -0.6797  2.0870 39.3449
384 864 -0.4374  2.0354 35.9409
416 864 -0.2364  1.9583 48.9990
448 864 -0.2848  1.7374 46.0630
480 864 -0.2387  1.5633 45.6386
512 864 -0.0500  1.8335 52.6004
544 864  0.0839  2.0076 52.2993
576 864  0.2136  2.0831 47.5243
608 864  0.3577  2.0786 46.5868
640 864  0.6157  1.7140 30.0484
672 864  1.0120  1.4832 30.9436
704 864  1.1271  1.2999 38.6124
736 864  0.9067  0.9855 43.5777
768 864  0.7741  0.8176 19.5583
800 864  0.8142  0.7306 26.2395
832 864  1.0527  0.4989 28.9117
864 864  0.8197  0.5049 26.2694
896 864  0.6273  0.5757 23.6575
928 864  0.4782  0.3038 31.5527
960 864  0.2186 -0.0050 24.3603
 32 896 -1.2425  0.6609 33.0946
 64 896 -1.1877  0.7376 33.4159
 96 896  0.0000  0.0000 13.1685
128 896 -1.6641  0.6217 30.7781
160 896 -1.6456  1.0227 25.5173
192 896 -1.4781  1.4134 29.6389
224 896 -1.2187  1.7527 34.1460
256 896 -1.0982  1.8482 25.9833
288 896 -0.9055  1.9792 34.9175
320 896 -0.8793  1.9061 42.0593
352 896 -0.8343  1.8053 38.8929
384 896 -0.6250  1.7491 37.4322
416 896 -0.3957  1.6329 40.3386
448 896 -0.3248  1.2397 44.4194
480 896 -0.1206  1.1844 51.7967
512 896  0.0100  1.2997 46.2321
544 896  0.1103  1.7092 37.8516
576 896  0.2528  1.8825 45.5119
608 896  0.4862  1.7846 41.3376
640 896  0.9200  1.3896 31.9765
672 896  1.0757  1.2173 34.4573
704 896  1.1611  1.1419 36.3329
736 896  1.2024  1.0373 36.4314
768 896  1.1400  0.9239 30.3589
800 896  1.1764  0.8583 28.4309
832 896  1.1888  0.5243 29.8782
864 896  1.0501  0.6055 39.5485
896 896  0.9922  0.6750 39.5264
928 896  1.2230  0.3564 29.8847
960 896  0.8493  0.0441 25.3501
 32 928  0.0000  0.0000 36.3214
 64 928 -1.7348  0.8329 28.8984
 96 928 -1.7801  0.3116 24.0787
128 928 -1.8143  0.3963 39.7563
160 928 -1.7913  0.7067 34.2118
192 928 -1.7394  1.0387 38.5629
224 928 -1.5916  1.2220 35.7385
256 928 -1.1932  1.4555 34.3717
288 928 -1.0046  1.5357 38.3412
320 928 -0.8652  1.3802 39.5609
352 928 -0.7399  1.3242 41.9756
384 928 -0.6211  1.2699 40.4742
416 928 -0.5042  1.1175 39.7359
448 928 -0.2337  1.0026 53.3389
480 928 -0.0924  1.0619 52.1405
512 928 -0.0154  0.9614 46.7586
544 928  0.1781  1.0732 41.2135
576 928  0.4534  1.4178 43.3611
608 928  0.6697  1.2960 43.9440
640 928  0.8827  1.1602 48.1754
672 928  1.0293  1.0572 53.5437
704 928  1.2700  0.9435 44.5516
736 928  1.7104  0.8879 30.7618
768 928  1.7658  0.8509 35.0291
800 928  1.9853  0.4705 25.5298
832 928  2.0509  0.1560 17.0664
864 928  0.0000  0.0000 13.3005
896 928  1.9683  0.3138 22.7011
928 928  1.7361  0.2745 32.5124
960 928  1.4711  0.1996 30.6664
 32 960  0.0000  0.0000 19.7025
 64 960  0.0000  0.0000 27.7000
 96 960  0.0000  0.0000 39.2894
128 960  0.0000  0.0000 44.7519
160 960  0.0000  0.0000 40.2203
192 960  0.0000  0.0000 35.9887
224 960  0.0000  0.0000 38.0516
256 960 -1.3187  0.9325 37.2679
288 960 -1.1552  1.0112 43.2545
320 960 -0.9752  1.0067 50.1013
352 960 -0.7483  0.8757 44.6695
384 960 -0.5304  0.7484 35.8888
416 960 -0.4682  0.7134 36.8749
448 960 -0.1868  0.8117 40.2244
480 960  0.0055  0.8024 44.3312
512 960  0.0449  0.6800 40.4149
544 960  0.1615  0.6904 40.2899
576 960  0.4219  0.8197 43.4012
608 960  0.7111  0.7502 42.3645
640 960  0.9135  0.7973 43.0307
672 960  1.0906  0.6493 43.4382
704 960  1.5278  0.3546 43.4826
736 960  1.6907  0.6510 50.7439
768 960  0.0000  0.0000 50.1422
800 960  0.0000  0.0000 38.6070
832 960  0.0000  0.0000 50.5925
864 960  0.0000  0.0000 45.6532
896 960  0.0000  0.0000 19.5163
928 960  0.0000  0.0000 19.2699
960 960  0.0000  0.0000 22.6764
 32 992 -0.2525 -0.0472 29.2497
 64 992 -0.2348 -0.0688 29.5313
 96 992  0.0000  0.0000 13.6216
128 992  0.0000  0.0000 15.3757
160 992  0.0000  0.0000 16.6781
192 992  0.0000  0.0000 15.5724
224 992  0.0000  0.0000 12.5922
256 992  0.0000  0.0000 13.1107
288 992  0.0000  0.0000 14.1146
320 992  0.0000  0.0000 13.8746
352 992  0.0000  0.0000 14.7017
384 992  0.0000  0.0000 14.6609
416 992  0.0000  0.0000 15.9093
448 992  0.0000  0.0000 15.6850
480 992 -0.0357  0.0212 17.9697
512 992 -0.0313  0.0079 20.2703
544 992  0.0129  0.0185 19.0863
576 992  0.1008  0.0081 20.5571
608 992  0.1866  0.0167 21.8741
640 992  0.3861  0.0378 21.6783
672 992  0.3550  0.0241 19.6083
704 992  0.6274  0.0018 17.5613
736 992  0.0000  0.0000 15.1747
768 992  0.0000  0.0000 16.4709
800 992  0.0000  0.0000 14.6944
832 992  0.0000  0.0000 15.6339
864 992  0.0000  0.0000 21.4571
896 992  0.0000  0.0000 18.5296
928 992  0.0000  0.0000 13.8815
960 992  0.0000  0.0000 15.5704
